!        1006
!   5.99800755605299     
  5.196500000000000E-006   5.99800755598929     
  1.045830000000000E-005   5.99800755579498     
  1.578630000000000E-005   5.99800755546512     
  2.118140000000000E-005   5.99800755499463     
  2.664430000000000E-005   5.99800755437829     
  3.217590000000000E-005   5.99800755361075     
  3.777710000000000E-005   5.99800755268644     
  4.344880000000000E-005   5.99800755159967     
  4.919180000000000E-005   5.99800755034460     
  5.500700000000000E-005   5.99800754891519     
  6.089540000000000E-005   5.99800754730522     
  6.685780000000000E-005   5.99800754550833     
  7.289530000000001E-005   5.99800754351790     
  7.900869999999999E-005   5.99800754132720     
  8.519890000000000E-005   5.99800753892932     
  9.146710000000000E-005   5.99800753631701     
  9.781410000000000E-005   5.99800753348299     
  1.042409000000000E-004   5.99800753041966     
  1.107486000000000E-004   5.99800752711922     
  1.173381000000000E-004   5.99800752357368     
  1.240105000000000E-004   5.99800751977480     
  1.307668000000000E-004   5.99800751571412     
  1.376082000000000E-004   5.99800751138285     
  1.445355000000000E-004   5.99800750677219     
  1.515501000000000E-004   5.99800750187271     
  1.586528000000000E-004   5.99800749667518     
  1.658449000000000E-004   5.99800749116969     
  1.731274000000000E-004   5.99800748534632     
  1.805016000000000E-004   5.99800747919466     
  1.879685000000000E-004   5.99800747270427     
  1.955293000000000E-004   5.99800746586422     
  2.031853000000000E-004   5.99800745866321     
  2.109375000000000E-004   5.99800745108996     
  2.187872000000000E-004   5.99800744313254     
  2.267357000000000E-004   5.99800743477875     
  2.347842000000000E-004   5.99800742601611     
  2.429339000000000E-004   5.99800741683190     
  2.511861000000000E-004   5.99800740721288     
  2.595421000000000E-004   5.99800739714548     
  2.680032000000000E-004   5.99800738661581     
  2.765708000000000E-004   5.99800737560943     
  2.852461000000000E-004   5.99800736411179     
  2.940305000000000E-004   5.99800735210777     
  3.029254000000000E-004   5.99800733958177     
  3.119322000000000E-004   5.99800732651785     
  3.210523000000000E-004   5.99800731289959     
  3.302871000000000E-004   5.99800729871020     
  3.396381000000000E-004   5.99800728393229     
  3.491067000000000E-004   5.99800726854816     
  3.586944000000000E-004   5.99800725253951     
  3.684027000000000E-004   5.99800723588759     
  3.782331000000000E-004   5.99800721857314     
  3.881872000000000E-004   5.99800720057625     
  3.982665000000000E-004   5.99800718187665     
  4.084725000000000E-004   5.99800716245360     
  4.188070000000000E-004   5.99800714228525     
  4.292714000000000E-004   5.99800712134994     
  4.398674000000000E-004   5.99800709962495     
  4.505968000000000E-004   5.99800707708667     
  4.614610000000000E-004   5.99800705371182     
  4.724620000000000E-004   5.99800702947520     
  4.836013000000000E-004   5.99800700435210     
  4.948807000000000E-004   5.99800697831650     
  5.063020000000000E-004   5.99800695134175     
  5.178670000000000E-004   5.99800692340048     
  5.295775000000000E-004   5.99800689446470     
  5.414352000000000E-004   5.99800686450594     
  5.534421000000001E-004   5.99800683349428     
  5.656000000000000E-004   5.99800680139956     
  5.779109000000000E-004   5.99800676819032     
  5.903766000000000E-004   5.99800673383491     
  6.029991000000000E-004   5.99800669830033     
  6.157803000000000E-004   5.99800666155304     
  6.287224000000000E-004   5.99800662355778     
  6.418272000000000E-004   5.99800658427967     
  6.550969000000000E-004   5.99800654368169     
  6.685335000000000E-004   5.99800650172659     
  6.821391000000000E-004   5.99800645837586     
  6.959158000000000E-004   5.99800641359005     
  7.098658000000000E-004   5.99800636732845     
  7.239913000000000E-004   5.99800631954931     
  7.382945000000000E-004   5.99800627020988     
  7.527775000000000E-004   5.99800621926673     
  7.674428000000000E-004   5.99800616667396     
  7.822925000000000E-004   5.99800611238596     
  7.973290000000000E-004   5.99800605635495     
  8.125547000000000E-004   5.99800599853199     
  8.279718000000000E-004   5.99800593886768     
  8.435829000000000E-004   5.99800587730995     
  8.593903000000000E-004   5.99800581380658     
  8.753966000000000E-004   5.99800574830290     
  8.916042000000000E-004   5.99800568074378     
  9.080157000000000E-004   5.99800561107189     
  9.246336000000000E-004   5.99800553922896     
  9.414606000000000E-004   5.99800546515445     
  9.584991000000000E-004   5.99800538878771     
  9.757521000000000E-004   5.99800531006392     
  9.932220000000000E-004   5.99800522891945     
  1.010911700000000E-003   5.99800514528685     
  1.028823800000000E-003   5.99800505909845     
  1.046961300000000E-003   5.99800497028305     
  1.065327000000000E-003   5.99800487876871     
  1.083923600000000E-003   5.99800478448233     
  1.102754200000000E-003   5.99800468734695     
  1.121821600000000E-003   5.99800458728545     
  1.141128800000000E-003   5.99800448421772     
  1.160678900000000E-003   5.99800437806127     
  1.180475000000000E-003   5.99800426873162     
  1.200520000000000E-003   5.99800415614342     
  1.220817100000000E-003   5.99800404020761     
  1.241369600000000E-003   5.99800392083245     
  1.262180600000000E-003   5.99800379792519     
  1.283253300000000E-003   5.99800367139031     
  1.304591200000000E-003   5.99800354112820     
  1.326197400000000E-003   5.99800340703937     
  1.348075400000000E-003   5.99800326901953     
  1.370228500000000E-003   5.99800312696316     
  1.392660400000000E-003   5.99800298075969     
  1.415374400000000E-003   5.99800283029859     
  1.438374100000000E-003   5.99800267546470     
  1.461663100000000E-003   5.99800251614022     
  1.485245000000000E-003   5.99800235220455     
  1.509123600000000E-003   5.99800218353286     
  1.533302500000000E-003   5.99800200999885     
  1.557785500000000E-003   5.99800183147181     
  1.582576500000000E-003   5.99800164781723     
  1.607679400000000E-003   5.99800145889748     
  1.633098000000000E-003   5.99800126457244     
  1.658836300000000E-003   5.99800106469724     
  1.684898300000000E-003   5.99800085912360     
  1.711288200000000E-003   5.99800064769822     
  1.738010100000000E-003   5.99800043026499     
  1.765068000000000E-003   5.99800020666505     
  1.792466300000000E-003   5.99799997673249     
  1.820209200000000E-003   5.99799974029925     
  1.848301100000000E-003   5.99799949719166     
  1.876746400000000E-003   5.99799924723196     
  1.905549400000000E-003   5.99799899023922     
  1.934714800000000E-003   5.99799872602474     
  1.964247000000000E-003   5.99799845439812     
  1.994150600000000E-003   5.99799817516277     
  2.024430400000000E-003   5.99799788811566     
  2.055091100000000E-003   5.99799759304997     
  2.086137400000000E-003   5.99799728975415     
  2.117574300000000E-003   5.99799697800880     
  2.149406600000000E-003   5.99799665759146     
  2.181639300000000E-003   5.99799632827252     
  2.214277400000000E-003   5.99799598981707     
  2.247326000000000E-003   5.99799564198375     
  2.280790400000000E-003   5.99799528452351     
  2.314675700000000E-003   5.99799491718374     
  2.348987200000000E-003   5.99799453970382     
  2.383730300000000E-003   5.99799415181605     
  2.418910400000000E-003   5.99799375324656     
  2.454533000000000E-003   5.99799334371407     
  2.490603700000000E-003   5.99799292292964     
  2.527128200000000E-003   5.99799249059659     
  2.564112000000000E-003   5.99799204641377     
  2.601561000000000E-003   5.99799159006832     
  2.639481100000000E-003   5.99799112124021     
  2.677878200000000E-003   5.99799063960204     
  2.716758200000000E-003   5.99799014481899     
  2.756127300000000E-003   5.99798963654468     
  2.795991600000000E-003   5.99798911442611     
  2.836357300000000E-003   5.99798857810092     
  2.877230800000000E-003   5.99798802719574     
  2.918618400000000E-003   5.99798746133009     
  2.960526500000000E-003   5.99798688011342     
  3.002961900000000E-003   5.99798628314066     
  3.045930900000000E-003   5.99798567000453     
  3.089440500000000E-003   5.99798504027853     
  3.133497400000000E-003   5.99798439353070     
  3.178108400000000E-003   5.99798372931779     
  3.223280600000000E-003   5.99798304718197     
  3.269020900000000E-003   5.99798234665802     
  3.315336600000000E-003   5.99798162726399     
  3.362234900000000E-003   5.99798088850847     
  3.409723100000000E-003   5.99798012988731     
  3.457808600000000E-003   5.99797935088330     
  3.506498900000000E-003   5.99797855096589     
  3.555801800000000E-003   5.99797772958739     
  3.605724700000000E-003   5.99797688619449     
  3.656275600000000E-003   5.99797602021109     
  3.707462400000000E-003   5.99797513104968     
  3.759293000000000E-003   5.99797421810951     
  3.811775600000000E-003   5.99797328077079     
  3.864918300000000E-003   5.99797231840154     
  3.918729400000000E-003   5.99797133035181     
  3.973217500000000E-003   5.99797031595135     
  4.028390900000000E-003   5.99796927452032     
  4.084258300000000E-003   5.99796820535594     
  4.140828400000000E-003   5.99796710773950     
  4.198110100000000E-003   5.99796598093213     
  4.256112300000000E-003   5.99796482417819     
  4.314844000000000E-003   5.99796363670300     
  4.374314600000000E-003   5.99796241770621     
  4.434533200000000E-003   5.99796116637551     
  4.495509200000000E-003   5.99795988187399     
  4.557252200000000E-003   5.99795856334167     
  4.619771900000000E-003   5.99795720989688     
  4.683077900000000E-003   5.99795582064024     
  4.747180300000000E-003   5.99795439464107     
  4.812088900000000E-003   5.99795293095436     
  4.877814000000000E-003   5.99795142860248     
  4.944365900000000E-003   5.99794988658566     
  5.011754800000000E-003   5.99794830388395     
  5.079991400000000E-003   5.99794667944267     
  5.149086300000000E-003   5.99794501218563     
  5.219050300000000E-003   5.99794330100760     
  5.289894400000000E-003   5.99794154477353     
  5.361629500000000E-003   5.99793974232526     
  5.434267000000000E-003   5.99793789246596     
  5.507818100000000E-003   5.99793599397693     
  5.582294400000000E-003   5.99793404560167     
  5.657707500000000E-003   5.99793204605540     
  5.734069200000000E-003   5.99792999401907     
  5.811391400000000E-003   5.99792788814127     
  5.889686200000000E-003   5.99792572703472     
  5.968965800000000E-003   5.99792350927821     
  6.049242600000000E-003   5.99792123341289     
  6.130529200000000E-003   5.99791889794148     
  6.212838200000000E-003   5.99791650133298     
  6.296182600000000E-003   5.99791404201034     
  6.380575300000000E-003   5.99791151836399     
  6.466029500000000E-003   5.99790892873926     
  6.552558700000000E-003   5.99790627143513     
  6.640176200000000E-003   5.99790354471856     
  6.728895800000000E-003   5.99790074680205     
  6.818731300000000E-003   5.99789787585793     
  6.909696900000000E-003   5.99789493000468     
  7.001806700000000E-003   5.99789190732175     
  7.095075000000000E-003   5.99788880583904     
  7.189516600000000E-003   5.99788562352548     
  7.285146000000000E-003   5.99788235831464     
  7.381978400000000E-003   5.99787900806975     
  7.480028700000000E-003   5.99787557061656     
  7.579312400000000E-003   5.99787204371097     
  7.679844800000000E-003   5.99786842506577     
  7.781641900000000E-003   5.99786471231715     
  7.884719400000000E-003   5.99786090305932     
  7.989093399999999E-003   5.99785699481781     
  8.094780300000000E-003   5.99785298505148     
  8.201796600000000E-003   5.99784887115841     
  8.310158999999999E-003   5.99784465047072     
  8.419884399999999E-003   5.99784032025310     
  8.530990000000000E-003   5.99783587769701     
  8.643493100000000E-003   5.99783131992714     
  8.757411300000000E-003   5.99782664399164     
  8.872762500000001E-003   5.99782184686022     
  8.989564600000000E-003   5.99781692543478     
  9.107835800000000E-003   5.99781187653541     
  9.227594800000001E-003   5.99780669688955     
  9.348860100000000E-003   5.99780138316015     
  9.471650800000000E-003   5.99779593190920     
  9.595986000000001E-003   5.99779033962184     
  9.721885099999999E-003   5.99778460269121     
  9.849367800000000E-003   5.99777871741607     
  9.978454100000001E-003   5.99777267999857     
  1.010916410000000E-002   5.99776648655132     
  1.024151820000000E-002   5.99776013308592     
  1.037553710000000E-002   5.99775361551040     
  1.051124180000000E-002   5.99774692962677     
  1.064865340000000E-002   5.99774007113841     
  1.078779340000000E-002   5.99773303563278     
  1.092868360000000E-002   5.99772581858359     
  1.107134600000000E-002   5.99771841535318     
  1.121580290000000E-002   5.99771082118481     
  1.136207680000000E-002   5.99770303120515     
  1.151019060000000E-002   5.99769504041072     
  1.166016750000000E-002   5.99768684367019     
  1.181203080000000E-002   5.99767843573228     
  1.196580430000000E-002   5.99766981120097     
  1.212151210000000E-002   5.99766096454284     
  1.227917840000000E-002   5.99765189009549     
  1.243882800000000E-002   5.99764258203560     
  1.260048560000000E-002   5.99763303441600     
  1.276417670000000E-002   5.99762324110950     
  1.292992680000000E-002   5.99761319585229     
  1.309776170000000E-002   5.99760289222287     
  1.326770770000000E-002   5.99759232362594     
  1.343979140000000E-002   5.99758148330036     
  1.361403970000000E-002   5.99757036431546     
  1.379047970000000E-002   5.99755895957349     
  1.396913910000000E-002   5.99754726177968     
  1.415004570000000E-002   5.99753526347032     
  1.433322780000000E-002   5.99752295698227     
  1.451871410000000E-002   5.99751033445474     
  1.470653350000000E-002   5.99749738783831     
  1.489671540000000E-002   5.99748410886989     
  1.508928950000000E-002   5.99747048908140     
  1.528428590000000E-002   5.99745651978794     
  1.548173500000000E-002   5.99744219208992     
  1.568166770000000E-002   5.99742749685334     
  1.588411530000000E-002   5.99741242471140     
  1.608910940000000E-002   5.99739696606653     
  1.629668190000000E-002   5.99738111108521     
  1.650686540000000E-002   5.99736484966148     
  1.671969270000000E-002   5.99734817144908     
  1.693519700000000E-002   5.99733106584036     
  1.715341210000000E-002   5.99731352194395     
  1.737437190000000E-002   5.99729552861844     
  1.759811110000000E-002   5.99727707440940     
  1.782466450000000E-002   5.99725814759961     
  1.805406770000000E-002   5.99723873614427     
  1.828635640000000E-002   5.99721882772250     
  1.852156690000000E-002   5.99719840968821     
  1.875973600000000E-002   5.99717746907076     
  1.900090090000000E-002   5.99715599257608     
  1.924509930000000E-002   5.99713396657016     
  1.949236930000000E-002   5.99711137708006     
  1.974274960000000E-002   5.99708820976755     
  1.999627930000000E-002   5.99706444993887     
  2.025299810000000E-002   5.99704008251750     
  2.051294590000000E-002   5.99701509207345     
  2.077616350000000E-002   5.99698946274737     
  2.104269190000000E-002   5.99696317830840     
  2.131257290000000E-002   5.99693622208622     
  2.158584850000000E-002   5.99690857702064     
  2.186256150000000E-002   5.99688022559185     
  2.214275520000000E-002   5.99685114983968     
  2.242647320000000E-002   5.99682133137458     
  2.271376000000000E-002   5.99679075130415     
  2.300466040000000E-002   5.99675939028492     
  2.329921990000000E-002   5.99672722846876     
  2.359748450000000E-002   5.99669424551269     
  2.389950080000000E-002   5.99666042055616     
  2.420531600000000E-002   5.99662573220879     
  2.451497780000000E-002   5.99659015854927     
  2.482853480000000E-002   5.99655367706647     
  2.514603580000000E-002   5.99651626472708     
  2.546753040000000E-002   5.99647789789315     
  2.579306900000000E-002   5.99643855230692     
  2.612270240000000E-002   5.99639820312465     
  2.645648200000000E-002   5.99635682487885     
  2.679446000000000E-002   5.99631439143861     
  2.713668930000000E-002   5.99627087600592     
  2.748322340000000E-002   5.99622625111262     
  2.783411620000000E-002   5.99618048863116     
  2.818942280000000E-002   5.99613355965419     
  2.854919850000000E-002   5.99608543460801     
  2.891349970000000E-002   5.99603608311673     
  2.928238330000000E-002   5.99598547406403     
  2.965590680000000E-002   5.99593357556287     
  3.003412860000000E-002   5.99588035489547     
  3.041710800000000E-002   5.99582577849273     
  3.080490460000000E-002   5.99576981200036     
  3.119757900000000E-002   5.99571242015998     
  3.159519270000000E-002   5.99565356680127     
  3.199780780000000E-002   5.99559321486493     
  3.240548720000000E-002   5.99553132635217     
  3.281829450000000E-002   5.99546786231801     
  3.323629430000000E-002   5.99540278280252     
  3.365955190000000E-002   5.99533604685329     
  3.408813340000000E-002   5.99526761248673     
  3.452210580000000E-002   5.99519743664767     
  3.496153690000000E-002   5.99512547520015     
  3.540649540000000E-002   5.99505168288564     
  3.585705080000000E-002   5.99497601331320     
  3.631327340000000E-002   5.99489841893327     
  3.677523470000000E-002   5.99481885094172     
  3.724300660000000E-002   5.99473725938846     
  3.771666250000000E-002   5.99465359295860     
  3.819627620000000E-002   5.99456779913417     
  3.868192270000000E-002   5.99447982402375     
  3.917367780000000E-002   5.99438961240214     
  3.967161850000000E-002   5.99429710760532     
  4.017582250000000E-002   5.99420225158955     
  4.068636860000000E-002   5.99410498482433     
  4.120333660000000E-002   5.99400524627599     
  4.172680730000000E-002   5.99390297337247     
  4.225686240000000E-002   5.99379810198716     
  4.279358470000000E-002   5.99369056636308     
  4.333705830000000E-002   5.99358029903333     
  4.388736780000000E-002   5.99346723094436     
  4.444459940000000E-002   5.99335129119312     
  4.500884010000000E-002   5.99323240714897     
  4.558017810000000E-002   5.99311050432974     
  4.615870270000000E-002   5.99298550637942     
  4.674450420000000E-002   5.99285733504637     
  4.733767410000000E-002   5.99272591009553     
  4.793830520000000E-002   5.99259114923908     
  4.854649140000000E-002   5.99245296813284     
  4.916232750000000E-002   5.99231128037526     
  4.978591000000000E-002   5.99216599727444     
  5.041733610000000E-002   5.99201702802747     
  5.105670460000000E-002   5.99186427945973     
  5.170411530000000E-002   5.99170765611216     
  5.235966950000000E-002   5.99154706006711     
  5.302346960000000E-002   5.99138239098870     
  5.369561920000000E-002   5.99121354604297     
  5.437622340000000E-002   5.99104041976398     
  5.506538860000000E-002   5.99086290404247     
  5.576322240000000E-002   5.99068088809107     
  5.646983390000000E-002   5.99049425830376     
  5.718533340000000E-002   5.99030289826979     
  5.790983280000000E-002   5.99010668860151     
  5.864344530000000E-002   5.98990550694594     
  5.938628550000000E-002   5.98969922788930     
  6.013846950000000E-002   5.98948772285826     
  6.090011480000000E-002   5.98927086007485     
  6.167134050000000E-002   5.98904850442515     
  6.245226690000000E-002   5.98882051749837     
  6.324301620000000E-002   5.98858675730599     
  6.404371189999999E-002   5.98834707837557     
  6.485447910000000E-002   5.98810133158175     
  6.567544450000000E-002   5.98784936406162     
  6.650673640000000E-002   5.98759101912849     
  6.734848459999999E-002   5.98732613621557     
  6.820082070000000E-002   5.98705455069209     
  6.906387790000000E-002   5.98677609383293     
  6.993779100000000E-002   5.98649059272548     
  7.082269660000000E-002   5.98619787010807     
  7.171873300000001E-002   5.98589774430288     
  7.262604000000000E-002   5.98559002918341     
  7.354475970000000E-002   5.98527453379974     
  7.447503530000001E-002   5.98495106268092     
  7.541701240000000E-002   5.98461941528083     
  7.637083810000000E-002   5.98427938617722     
  7.733666150000000E-002   5.98393076478369     
  7.831463340000000E-002   5.98357333534075     
  7.930490670000000E-002   5.98320687665189     
  8.030763610000000E-002   5.98283116207048     
  8.132297830000000E-002   5.98244595930190     
  8.235109190000001E-002   5.98205103031359     
  8.339213760000000E-002   5.98164613112832     
  8.444627809999999E-002   5.98123101172808     
  8.551367800000000E-002   5.98080541595843     
  8.659450410000000E-002   5.98036908127093     
  8.768892530000000E-002   5.97992173861854     
  8.879711270000000E-002   5.97946311226823     
  8.991923940000000E-002   5.97899291973417     
  9.105548070000000E-002   5.97851087154392     
  9.220601410000000E-002   5.97801667108200     
  9.337101940000000E-002   5.97751001438697     
  9.455067880000000E-002   5.97699058994247     
  9.574517640000001E-002   5.97645807873117     
  9.695469890000000E-002   5.97591215375735     
  9.817943540000000E-002   5.97535247995715     
  9.941957710000000E-002   5.97477871415896     
  0.100675317900000        5.97419050462683     
  0.101946854000000        5.97358749105734     
  0.103234384000000        5.97296930434555     
  0.104538109200000        5.97233556624660     
  0.105858233200000        5.97168588936982     
  0.107194962400000        5.97101987673295     
  0.108548505500000        5.97033712180214     
  0.109919074100000        5.96963720798199     
  0.111306882300000        5.96891970859984     
  0.112712147000000        5.96818418653318     
  0.114135087800000        5.96743019403507     
  0.115575926900000        5.96665727256018     
  0.117034889600000        5.96586495226319     
  0.118512203800000        5.96505275202687     
  0.120008100200000        5.96422017911461     
  0.121522812800000        5.96336672864116     
  0.123056578100000        5.96249188376486     
  0.124609635800000        5.96159511503827     
  0.126182228500000        5.96067588031350     
  0.127774602000000        5.95973362429934     
  0.129387005100000        5.95876777840303     
  0.131019689800000        5.95777776033266     
  0.132672911100000        5.95676297393412     
  0.134346927400000        5.95572280865793     
  0.136042000200000        5.95465663944714     
  0.137758394300000        5.95356382631467     
  0.139496378100000        5.95244371384293     
  0.141256223000000        5.95129563125583     
  0.143038204000000        5.95011889171828     
  0.144842599600000        5.94891279207396     
  0.146669691700000        5.94767661258384     
  0.148519765800000        5.94640961645933     
  0.150393111000000        5.94511104952102     
  0.152290019900000        5.94378013992436     
  0.154210789000000        5.94241609752960     
  0.156155718400000        5.94101811375364     
  0.158125112100000        5.93958536099468     
  0.160119277600000        5.93811699255619     
  0.162138526600000        5.93661214176412     
  0.164183174700000        5.93506992180206     
  0.166253541300000        5.93348942540549     
  0.168349949900000        5.93186972424783     
  0.170472728100000        5.93020986854282     
  0.172622207500000        5.92850888672349     
  0.174798724000000        5.92676578480216     
  0.177002617800000        5.92497954595496     
  0.179234233100000        5.92314913035167     
  0.181493918700000        5.92127347424943     
  0.183782027600000        5.91935148989410     
  0.186098917500000        5.91738206467406     
  0.188444950100000        5.91536406128070     
  0.190820492300000        5.91329631624694     
  0.193225915100000        5.91117764044846     
  0.195661594400000        5.90900681796938     
  0.198127910700000        5.90678260591525     
  0.200625249500000        5.90450373360285     
  0.203154001000000        5.90216890237423     
  0.205714560200000        5.89977678505563     
  0.208307327300000        5.89732602512567     
  0.210932707400000        5.89481523653223     
  0.213591110800000        5.89224300294736     
  0.216282952700000        5.88960787759556     
  0.219008653800000        5.88690838220916     
  0.221768640000000        5.88414300685339     
  0.224563342600000        5.88131020926650     
  0.227393198200000        5.87840841450064     
  0.230258649000000        5.87543601415806     
  0.233160142700000        5.87239136603463     
  0.236098132700000        5.86927279345740     
  0.239073078100000        5.86607858483164     
  0.242085443700000        5.86280699319666     
  0.245135700200000        5.85945623557055     
  0.248224324200000        5.85602449251413     
  0.251351798400000        5.85250990748065     
  0.254518611200000        5.84891058684861     
  0.257725257700000        5.84522459838119     
  0.260972238900000        5.84144997172724     
  0.264260062000000        5.83758469770045     
  0.267589240900000        5.83362672731358     
  0.270960295700000        5.82957397200069     
  0.274373753100000        5.82542430279924     
  0.277830146500000        5.82117554989280     
  0.281330016000000        5.81682550229364     
  0.284873908500000        5.81237190742373     
  0.288462377600000        5.80781247096969     
  0.292095984100000        5.80314485599939     
  0.295775295800000        5.79836668298081     
  0.299500887500000        5.79347552958557     
  0.303273341400000        5.78846892999313     
  0.307093246900000        5.78334437500576     
  0.310961200900000        5.77809931153761     
  0.314877807700000        5.77273114266922     
  0.318843679500000        5.76723722691817     
  0.322859435700000        5.76161487919967     
  0.326925704000000        5.75586136933696     
  0.331043119600000        5.74997392325489     
  0.335212325900000        5.74394972211969     
  0.339433974400000        5.73778590264566     
  0.343708724600000        5.73147955746943     
  0.348037244600000        5.72502773454681     
  0.352420210700000        5.71842743807269     
  0.356858307800000        5.71167562828273     
  0.361352229200000        5.70476922221611     
  0.365902677100000        5.69770509347956     
  0.370510362700000        5.69048007267315     
  0.375176005800000        5.68309094868418     
  0.379900335500000        5.67553446833617     
  0.384684090000000        5.66780733752172     
  0.389528016600000        5.65990622211963     
  0.394432872400000        5.65182774785050     
  0.399399423600000        5.64356850250591     
  0.404428446400000        5.63512503565056     
  0.409520726500000        5.62649386073159     
  0.414677059600000        5.61767145563044     
  0.419898251400000        5.60865426415208     
  0.425185117600000        5.59943869763647     
  0.430538484500000        5.59002113563626     
  0.435959188500000        5.58039792862951     
  0.441448076500000        5.57056539929676     
  0.447006006200000        5.56051984408114     
  0.452633846000000        5.55025753559692     
  0.458332475400000        5.53977472427308     
  0.464102784700000        5.52906764141660     
  0.469945675600000        5.51813250077127     
  0.475862061000000        5.50696550169782     
  0.481852865300000        5.49556283158471     
  0.487919024700000        5.48392066840154     
  0.494061487000000        5.47203518437109     
  0.500281212000000        5.45990254866460     
  0.506579171400000        5.44751893123028     
  0.512956349500000        5.43488050522648     
  0.519413742500000        5.42198345238803     
  0.525952359600000        5.40882396501493     
  0.532573222300000        5.39539825172134     
  0.539277365300000        5.38170254016808     
  0.546065836000000        5.36773308280804     
  0.552939695100000        5.35348616059357     
  0.559900016700000        5.33895808788486     
  0.566947888400000        5.32414521755824     
  0.574084411500000        5.30904394610312     
  0.581310700900000        5.29365071955310     
  0.588627885800000        5.27796203791477     
  0.596037109700000        5.26197446126310     
  0.603539530000000        5.24568461691744     
  0.611136319200000        5.22908920335031     
  0.618828664300000        5.21218499817334     
  0.626617767100000        5.19496886437705     
  0.634504844800000        5.17743775607626     
  0.642491129800000        5.15958872619766     
  0.650577869800000        5.14141893369428     
  0.658766328500000        5.12292564957586     
  0.667057785300000        5.10410626534105     
  0.675453535800000        5.08495829976828     
  0.683954891800000        5.06547940697989     
  0.692563181800000        5.04566738350124     
  0.701279750700000        5.02552017727975     
  0.710105960500000        5.00503589452111     
  0.719043190400000        4.98421280799862     
  0.728092836800000        4.96304936569056     
  0.737256313700000        4.94154419856018     
  0.746535053000000        4.91969612861898     
  0.755930504500000        4.89750417773615     
  0.765444136200000        4.87496757576830     
  0.775077434600000        4.85208576868885     
  0.784831905100000        4.82885842646026     
  0.794709071600000        4.80528545277541     
  0.804710477700000        4.78136699092977     
  0.814837685900000        4.75710343438146     
  0.825092278700000        4.73249543267101     
  0.835475858400000        4.70754390031944     
  0.845990047500000        4.68225002413943     
  0.856636488800000        4.65661527108925     
  0.867416845800000        4.63064139520262     
  0.878332803100000        4.60433044428876     
  0.889386066100000        4.57768476806558     
  0.900578362200000        4.55070702239746     
  0.911911439900000        4.52340017828810     
  0.923387070300000        4.49576752475702     
  0.935007046300000        4.46781267690115     
  0.946773183600000        4.43953957923723     
  0.958687320600000        4.41095251128666     
  0.970751319100000        4.38205609080802     
  0.982967064000000        4.35285527897621     
  0.995336464100000        4.32335538244956     
   1.00786145200000        4.29356205709728     
   1.02054398500000        4.26348130883052     
   1.03338604450000        4.23311949746989     
   1.04638963720000        4.20248333579123     
   1.05955679510000        4.17157989086672     
   1.07288957530000        4.14041658528500     
   1.08639006140000        4.10900119404141     
   1.10006036260000        4.07734184621877     
   1.11390261500000        4.04544702093111     
   1.12791898160000        4.01332554570200     
   1.14211165230000        3.98098659421136     
   1.15648284480000        3.94843968137090     
   1.17103480470000        3.91569465962815     
   1.18576980580000        3.88276171419150     
   1.20069015030000        3.84965135785873     
   1.21579816960000        3.81637442390065     
   1.23109622450000        3.78294205968305     
   1.24658670510000        3.74936572030879     
   1.26227203210000        3.71565715859950     
   1.27815465610000        3.68182841880716     
   1.29423705900000        3.64789182517183     
   1.31052175360000        3.61385997371886     
   1.32701128450000        3.57974572065067     
   1.34370822810000        3.54556217198989     
   1.36061519340000        3.51132267089949     
   1.37773482220000        3.47704078557185     
   1.39506978930000        3.44273029638923     
   1.41262280350000        3.40840518077161     
   1.43039660750000        3.37407959946244     
   1.44839397840000        3.33976788081214     
   1.46661772830000        3.30548450405849     
   1.48507070480000        3.27124408195190     
   1.50375579120000        3.23706134303152     
   1.52267590700000        3.20295111238221     
   1.54183400860000        3.16892829106392     
   1.56123308950000        3.13500783543050     
   1.58087618070000        3.10120473501566     
   1.60076635160000        3.06753398849577     
   1.62090671010000        3.03401057995911     
   1.64130040300000        3.00064945353671     
   1.66195061710000        2.96746548582853     
   1.68286057890000        2.93447345958030     
   1.70403355560000        2.90168803423405     
   1.72547285560000        2.86912371639877     
   1.74718182880000        2.83679482979485     
   1.76916386720000        2.80471548403314     
   1.79142240560000        2.77289954272824     
   1.81396092200000        2.74136059170400     
   1.83678293810000        2.71011190689926     
   1.85989201970000        2.67916642250009     
   1.88329177790000        2.64853669837976     
   1.90698586870000        2.61823489033736     
   1.93097799450000        2.58827271878656     
   1.95527190410000        2.55866144070544     
   1.97987139350000        2.52941182215398     
   2.00478030630000        2.50053411321669     
   2.03000253480000        2.47203802436143     
   2.05554201970000        2.44393270691307     
   2.08140275190000        2.41622673389096     
   2.10758877200000        2.38892808634539     
   2.13410417170000        2.36204414064905     
   2.16095309410000        2.33558166008452     
   2.18813973440000        2.30954678905311     
   2.21566834050000        2.28394505030900     
   2.24354321380000        2.25878134470228     
   2.27176870990000        2.23405995339752     
   2.30034923900000        2.20978454229065     
   2.32928926690000        2.18595816732855     
   2.35859331550000        2.16258328111938     
   2.38826596370000        2.13966173942329     
   2.41831184790000        2.11719480752000     
   2.44873566280000        2.09518316523000     
   2.47954216210000        2.07362691030360     
   2.51073615950000        2.05252555936571     
   2.54232252910000        2.03187804663998     
   2.57430620630000        2.01168271944053     
   2.60669218870000        1.99193733078374     
   2.63948553650000        1.97263902962294     
   2.67269137390000        1.95378434827646     
   2.70631488930000        1.93536918913137     
   2.74036133650000        1.91738881033930     
   2.77483603520000        1.89983781276414     
   2.80974437230000        1.88271012883876     
   2.84509180220000        1.86599901587419     
   2.88088384810000        1.84969705445237     
   2.91712610240000        1.83379615442730     
   2.95382422820000        1.81828756899667     
   2.99098395960000        1.80316191896238     
   3.02861110290000        1.78840922686458     
   3.06671153730000        1.77401896165421     
   3.10529121630000        1.75998009280226     
   3.14435616780000        1.74628115324336     
   3.18391249600000        1.73291030790114     
   3.22396638150000        1.71985542629879     
   3.26452408290000        1.70710415468678     
   3.30559193740000        1.69464398475837     
   3.34717636180000        1.68246231452921     
   3.38928385400000        1.67054649761476     
   3.43192099320000        1.65888387818475     
   3.47509444160000        1.64746180845373     
   3.51881094510000        1.63626764837405     
   3.56307733450000        1.62528874761618     
   3.60790052660000        1.61451241229184     
   3.65328752500000        1.60392586057308     
   3.69924542150000        1.59351617281036     
   3.74578139730000        1.58327024354509     
   3.79290272360000        1.57317474351739     
   3.84061676310000        1.56321609945848     
   3.88893097150000        1.55338049921076     
   3.93785289770000        1.54365392799213     
   3.98739018600000        1.53402223798492     
   4.03755057670000        1.52447125133875     
   4.08834190750000        1.51498689141885     
   4.13977211450000        1.50555533372148     
   4.19184923390000        1.49616316368620     
   4.24458140290000        1.48679752633742     
   4.29797686080000        1.47744625095780     
   4.35204395100000        1.46809793479600     
   4.40679112140000        1.45874197335953     
   4.46222692640000        1.44936852912300     
   4.51836002810000        1.43996843869834     
   4.57519919720000        1.43053306649788     
   4.63275331510000        1.42105412148531     
   4.69103137460000        1.41152346192941     
   4.75004248190000        1.40193291733419     
   4.80979585760000        1.39227415888917     
   4.87030083820000        1.38253864574379     
   4.93156687770000        1.37271766622453     
   4.99360354920000        1.36280247995908     
   5.05642054590000        1.35278455066543     
   5.12002768320000        1.34265584184051     
   5.18443489980000        1.33240913314127     
   5.24965225940000        1.32203830493515     
   5.31568995250000        1.31153853730521     
   5.38255829740000        1.30090637838014     
   5.45026774260000        1.29013965513599     
   5.51882886780000        1.27923722772966     
   5.58825238570000        1.26819861900652     
   5.65854914400000        1.25702358101000     
   5.72973012670000        1.24571168167566     
   5.80180645590000        1.23426200110174     
   5.87478939370000        1.22267301457495     
   5.94869034390000        1.21094270740330     
   6.02352085360000        1.19906891879672     
   6.09929261530000        1.18704985731144     
   6.17601746830000        1.17488468144946     
   6.25370740120000        1.16257400827186     
   6.33237455320000        1.15012021355414     
   6.41203121610000        1.13752742212000     
   6.49268983650000        1.12480115560443     
   6.57436301750000        1.11194769245083     
   6.65706352060000        1.09897328007437     
   6.74080426800000        1.08588339718649     
   6.82559834430000        1.07268227308782     
   6.91145899880000        1.05937281856612     
   6.99839964730000        1.04595701703100     
   7.08643387460000        1.03243668809898     
   7.17557543620000        1.01881441016177     
   7.26583826060000        1.00509431591384     
   7.35723645150000       0.991282490704016     
   7.44978429020000       0.977386815313853     
   7.54349623730000       0.963416277865520     
   7.63838693570000       0.949379975831576     
   7.73447121210000       0.935286166480626     
   7.83176407990000       0.921141735509454     
   7.93028074130000       0.906952316494228     
   8.03003658980000       0.892723038047702     
   8.13104721240000       0.878459594049403     
   8.23332839220000       0.864169145591987     
   8.33689611090000       0.849860576384233     
   8.44176655110000       0.835543868510083     
   8.54795609910000       0.821228770590195     
   8.65548134710000       0.806923327628423     
   8.76435909630000       0.792633026327149     
   8.87460635890000       0.778361139609281     
   8.98624036140000       0.764110336648163     
   9.09927854680000       0.749884959233859     
   9.21373857760000       0.735692876936251     
   9.32963833820000       0.721545834913452     
   9.44699593850000       0.707457810185597     
   9.56582971550000       0.693441893466504     
   9.68615823750000       0.679507127789620     
   9.80800030600000       0.665657015601838     
   9.93137495910000       0.651890747798567     
   10.0563014742000       0.638206813310398     
   10.1827993714000       0.624607211699749     
   10.3108884164000       0.611099892923661     
   10.4405886231000       0.597697817783420     
   10.5719202577000       0.584414922774158     
   10.7049038408000       0.571261246473387     
   10.8395601515000       0.558240234035948     
   10.9759102300000       0.545350081139765     
   11.1139753815000       0.532588420259717     
   11.2537771787000       0.519957301119658     
   11.3953374661000       0.507464996874334     
   11.5386783626000       0.495123237488767     
   11.6838222658000       0.482941768899934     
   11.8307918544000       0.470924256285849     
   11.9796100929000       0.459068686679032     
   12.1303002344000       0.447371979662736     
   12.2828858246000       0.435835096781279     
   12.4373907052000       0.424464457700142     
   12.5938390179000       0.413268574681162     
   12.7522552082000       0.402252989870422     
   12.9126640288000       0.391418077667991     
   13.0750905441000       0.380761506874247     
   13.2395601333000       0.370282629409928     
   13.4060984954000       0.359984264701749     
   13.5747316521000       0.349870299087667     
   13.7454859529000       0.339942240647612     
   13.9183880783000       0.330199080755757     
   14.0934650448000       0.320640759001035     
   14.2707442083000       0.311270664050956     
   14.4502532693000       0.302093113576538     
   14.6320202763000       0.293107947152513     
   14.8160736307000       0.284309030839233     
   15.0024420914000       0.275689896978039     
   15.1911547787000       0.267250942051281     
   15.3822411794000       0.258999411672244     
   15.5757311512000       0.250941224197351     
   15.7716549271000       0.243073855787909     
   15.9700431208000       0.235388726818363     
   16.1709267308000       0.227879805245992     
   16.3743371455000       0.220547666510736     
   16.5803061483000       0.213395226684911     
   16.7888659222000       0.206422608013371     
   17.0000490551000       0.199627659235687     
   17.2138885448000       0.193008291616584     
   17.4304178042000       0.186561120609344     
   17.6496706663000       0.180280502578154     
   17.8716813900000       0.174163498490859     
   18.0964846648000       0.168213535846711     
   18.3241156167000       0.162432923421556     
   18.5546098134000       0.156813787889652     
   18.7880032703000       0.151345454656486     
   19.0243324555000       0.146029555070423     
   19.2636342958000       0.140874765935985     
   19.5059461828000       0.135875675344647     
   19.7513059781000       0.131014571670225     
   19.9997520197000       0.126288666727312     
   20.2513231278000       0.121713350136008     
   20.5060586108000       0.117290016409550     
   20.7639982718000       0.112997201813806     
   21.0251824144000       0.108825138984793     
   21.2896518490000       0.104787956492484     
   21.5574478996000       0.100888915966209     
   21.8286124098000       9.710936926100160E-002
   22.1031877496000       9.344301183509919E-002
   22.3812168221000       8.990183797781774E-002
   22.6627430698000       8.648366317495401E-002
   22.9478104818000       8.317335567704245E-002
   23.2364636004000       7.997021795587948E-002
   23.5287475282000       7.687991204438553E-002
   23.8247079353000       7.389639860991470E-002
   24.1243910660000       7.101256227879638E-002
   24.4278437464000       6.822641202207974E-002
   24.7351133917000       6.553563950454597E-002
   25.0462480134000       6.294091645994941E-002
   25.3612962267000       6.044081024588686E-002
   25.6803072588000       5.802828542500339E-002
   26.0033309557000       5.570170902031144E-002
   26.3304177905000       5.345887105790968E-002
   26.6616188712000       5.129520898902752E-002
   26.9969859486000       4.921396376747610E-002
   27.3365714246000       4.720870913735557E-002
   27.6804283600000       4.527298021890516E-002
   28.0286104833000       4.341770959014693E-002
   28.3811721985000       4.163046725840918E-002
   28.7381685941000       3.989866450295053E-002
   29.0996554516000       3.824288368767126E-002
   29.4656892540000       3.665427434125590E-002
   29.8363271949000       3.511812995367384E-002
   30.2116271872000       3.364517724400620E-002
   30.5916478722000       3.222681909174270E-002
   30.9764486290000       3.086469329631311E-002
   31.3660895834000       2.955953951563610E-002
   31.7606316177000       2.830162710590598E-002
   32.1601363799000       2.709489826448944E-002
   32.5646662934000       2.593248098760314E-002
   32.9742845668000       2.481976865942023E-002
   33.3890552038000       2.375406789292379E-002
   33.8090430131000       2.272999048753946E-002
   34.2343136188000       2.174449911462829E-002
   34.6649334701000       2.079804862073387E-002
   35.1009698524000       1.989877276036991E-002
   35.5424908972000       1.902681605058977E-002
   35.9895655931000       1.819464763110962E-002
   36.4422637963000       1.739884475043447E-002
   36.9006562420000       1.663179345931663E-002
   37.3648145548000       1.589886314169441E-002
   37.8348112605000       1.519753616505030E-002
   38.3107197970000       1.452411880742777E-002
   38.7926145259000       1.388075360411759E-002
   39.2805707443000       1.325991738730131E-002
   39.7746646964000       1.267593124943542E-002
   40.2749735853000       1.210131262404579E-002
   40.7815755853000       1.156675123879188E-002
   41.2945498541000       1.104302014718326E-002
   41.8139765448000       1.054724001757202E-002
   42.3399368189000       1.007558180728331E-002
   42.8725128589000       9.618951262613690E-003
   43.4117878808000       9.184336503525268E-003
   43.9578461475000       8.768782035436162E-003
   44.5107729815000       8.370481608498024E-003
   45.0706547790000       7.989665576968785E-003
   45.6375790225000       7.628223233146840E-003
   46.2116342952000       7.277225040873682E-003
   46.7929102942000       6.947888346482720E-003
   47.3814978453000       6.628576940184826E-003
   47.9774889163000       6.325793398617450E-003
   48.5809766322000       6.034354591163513E-003
   49.1920552890000       5.758487452971033E-003
   49.8108203691000       5.491073645956327E-003
   50.4373685558000       5.242429882201793E-003
   51.0717977485000       4.994395402259679E-003
   51.7142070781000       4.770705273533938E-003
   52.3646969223000       4.543472849137586E-003
   53.0233689214000       4.337981097423426E-003
   53.6903259944000       4.133227057182564E-003
   54.3656723546000       3.943464679110884E-003
   55.0495135262000       3.759049574863475E-003
   55.7419563609000       3.584662752354494E-003
   56.4431090543000       3.416205877424815E-003
   57.1530811628000       3.258812240245258E-003
   57.8719836211000       3.105755265466256E-003
   58.5999287591000       2.960750444214813E-003
   59.3370303198000       2.819674236428231E-003
   60.0834034767000       2.693049839791032E-003
   60.8391648522000       2.562771492152993E-003
   61.6044325355000       2.441769659953800E-003
   62.3793261013000       2.327785200235571E-003
   63.1639666283000       2.219794018043648E-003
   63.9584767182000       2.115735953262079E-003
   64.7629805146000       2.014740383664039E-003
   65.5776037232000       1.918821801592460E-003
   66.4024736302000       1.829594794231035E-003
   67.2377191234000       1.741276953384314E-003
   68.0834707116000       1.659350638199457E-003
   68.9398605451000       1.582854747988927E-003
   69.8070224367000       1.508684477102620E-003
   70.6850918821000       1.438489506809559E-003
   71.5742060815000       1.368119276794168E-003
   72.4745039607000       1.303157278426907E-003
   73.3861261932000       1.239731874150178E-003
   74.3092152217000       1.180841652984604E-003
   75.2439152809000       1.124730197804349E-003
   76.1903724195000       1.069121686363522E-003
   77.1487345233000       1.016938805676509E-003
   78.1191513384000       9.711623061493878E-004
   79.1017744944000       9.225152949678026E-004
   80.0967575281000       8.766947299486277E-004
   81.1042559077000       8.345114707289275E-004
   82.1244270568000       7.926971628213924E-004
   83.1574303794000       7.537524458712141E-004
   84.2034272841000       7.179992096208277E-004
   85.2625812102000       6.841721211547224E-004
   86.3350576527000       6.514910408457169E-004
   87.4210241881000       6.196210682689979E-004
   88.5206505010000       5.883927977866372E-004
   89.6341084101000       5.576017201037624E-004
   90.7615718956000       5.279654495845493E-004
   91.9032171259000       5.013872051170819E-004
   93.0592224855000       4.755410385628852E-004
   94.2297686024000       4.517792855961055E-004
   95.4150383769000       4.279983886661455E-004
   96.6152170099000       4.049579392301198E-004
   97.8304920316000       3.832814924449900E-004
   99.0610533313000       3.623881117267871E-004
   100.307093186700       3.414543652462425E-004
   101.568806294000       3.221803574182564E-004
   102.846389798400       3.054179515135707E-004
   104.140043325100       2.866834797615566E-004
   105.449969010000       2.692210913632356E-004
   106.776371531600       2.529054302626054E-004
   108.119458143100       2.362606458195184E-004
   109.479438704400       2.213401428479732E-004
   110.856525715400       2.050586027869676E-004
   112.250934348500       1.893698829044678E-004
   113.662882483100       1.768084049067356E-004
   115.092590738800       1.630856672958610E-004
   116.540282510600       1.490296541205258E-004
   118.006184003200       1.361969596950924E-004
