!        1006
!   3.99971632748695     
  5.196500000000000E-006   3.99971632746626     
  1.045830000000000E-005   3.99971632740315     
  1.578630000000000E-005   3.99971632729600     
  2.118140000000000E-005   3.99971632714318     
  2.664430000000000E-005   3.99971632694299     
  3.217590000000000E-005   3.99971632669368     
  3.777710000000000E-005   3.99971632639347     
  4.344880000000000E-005   3.99971632604047     
  4.919180000000000E-005   3.99971632563281     
  5.500700000000000E-005   3.99971632516852     
  6.089540000000000E-005   3.99971632464559     
  6.685780000000000E-005   3.99971632406194     
  7.289530000000001E-005   3.99971632341543     
  7.900869999999999E-005   3.99971632270388     
  8.519890000000000E-005   3.99971632192502     
  9.146710000000000E-005   3.99971632107652     
  9.781410000000000E-005   3.99971632015600     
  1.042409000000000E-004   3.99971631916100     
  1.107486000000000E-004   3.99971631808898     
  1.173381000000000E-004   3.99971631693736     
  1.240105000000000E-004   3.99971631570345     
  1.307668000000000E-004   3.99971631438450     
  1.376082000000000E-004   3.99971631297766     
  1.445355000000000E-004   3.99971631148007     
  1.515501000000000E-004   3.99971630988868     
  1.586528000000000E-004   3.99971630820047     
  1.658449000000000E-004   3.99971630641224     
  1.731274000000000E-004   3.99971630452076     
  1.805016000000000E-004   3.99971630252264     
  1.879685000000000E-004   3.99971630041449     
  1.955293000000000E-004   3.99971629819278     
  2.031853000000000E-004   3.99971629585383     
  2.109375000000000E-004   3.99971629339396     
  2.187872000000000E-004   3.99971629080931     
  2.267357000000000E-004   3.99971628809592     
  2.347842000000000E-004   3.99971628524974     
  2.429339000000000E-004   3.99971628226662     
  2.511861000000000E-004   3.99971627914227     
  2.595421000000000E-004   3.99971627587228     
  2.680032000000000E-004   3.99971627245215     
  2.765708000000000E-004   3.99971626887716     
  2.852461000000000E-004   3.99971626514262     
  2.940305000000000E-004   3.99971626124360     
  3.029254000000000E-004   3.99971625717504     
  3.119322000000000E-004   3.99971625293175     
  3.210523000000000E-004   3.99971624850843     
  3.302871000000000E-004   3.99971624389957     
  3.396381000000000E-004   3.99971623909957     
  3.491067000000000E-004   3.99971623410265     
  3.586944000000000E-004   3.99971622890289     
  3.684027000000000E-004   3.99971622349420     
  3.782331000000000E-004   3.99971621787029     
  3.881872000000000E-004   3.99971621202473     
  3.982665000000000E-004   3.99971620595092     
  4.084725000000000E-004   3.99971619964213     
  4.188070000000000E-004   3.99971619309126     
  4.292714000000000E-004   3.99971618629128     
  4.398674000000000E-004   3.99971617923479     
  4.505968000000000E-004   3.99971617191414     
  4.614610000000000E-004   3.99971616432178     
  4.724620000000000E-004   3.99971615644949     
  4.836013000000000E-004   3.99971614828926     
  4.948807000000000E-004   3.99971613983265     
  5.063020000000000E-004   3.99971613107100     
  5.178670000000000E-004   3.99971612199541     
  5.295775000000000E-004   3.99971611259679     
  5.414352000000000E-004   3.99971610286590     
  5.534421000000001E-004   3.99971609279303     
  5.656000000000000E-004   3.99971608236835     
  5.779109000000000E-004   3.99971607158167     
  5.903766000000000E-004   3.99971606042271     
  6.029991000000000E-004   3.99971604888074     
  6.157803000000000E-004   3.99971603694487     
  6.287224000000000E-004   3.99971602460365     
  6.418272000000000E-004   3.99971601184574     
  6.550969000000000E-004   3.99971599865914     
  6.685335000000000E-004   3.99971598503172     
  6.821391000000000E-004   3.99971597095099     
  6.959158000000000E-004   3.99971595640413     
  7.098658000000000E-004   3.99971594137793     
  7.239913000000000E-004   3.99971592585880     
  7.382945000000000E-004   3.99971590983288     
  7.527775000000000E-004   3.99971589328606     
  7.674428000000000E-004   3.99971587620343     
  7.822925000000000E-004   3.99971585857017     
  7.973290000000000E-004   3.99971584037076     
  8.125547000000000E-004   3.99971582158931     
  8.279718000000000E-004   3.99971580220977     
  8.435829000000000E-004   3.99971578221523     
  8.593903000000000E-004   3.99971576158873     
  8.753966000000000E-004   3.99971574031251     
  8.916042000000000E-004   3.99971571836866     
  9.080157000000000E-004   3.99971569573856     
  9.246336000000000E-004   3.99971567240329     
  9.414606000000000E-004   3.99971564834318     
  9.584991000000000E-004   3.99971562353853     
  9.757521000000000E-004   3.99971559796828     
  9.932220000000000E-004   3.99971557161178     
  1.010911700000000E-003   3.99971554444711     
  1.028823800000000E-003   3.99971551645230     
  1.046961300000000E-003   3.99971548760420     
  1.065327000000000E-003   3.99971545787945     
  1.083923600000000E-003   3.99971542725433     
  1.102754200000000E-003   3.99971539570383     
  1.121821600000000E-003   3.99971536320288     
  1.141128800000000E-003   3.99971532972550     
  1.160678900000000E-003   3.99971529524486     
  1.180475000000000E-003   3.99971525973353     
  1.200520000000000E-003   3.99971522316380     
  1.220817100000000E-003   3.99971518550673     
  1.241369600000000E-003   3.99971514673252     
  1.262180600000000E-003   3.99971510681106     
  1.283253300000000E-003   3.99971506571130     
  1.304591200000000E-003   3.99971502340090     
  1.326197400000000E-003   3.99971497984755     
  1.348075400000000E-003   3.99971493501737     
  1.370228500000000E-003   3.99971488887608     
  1.392660400000000E-003   3.99971484138778     
  1.415374400000000E-003   3.99971479251654     
  1.438374100000000E-003   3.99971474222499     
  1.461663100000000E-003   3.99971469047484     
  1.485245000000000E-003   3.99971463722694     
  1.509123600000000E-003   3.99971458244073     
  1.533302500000000E-003   3.99971452607518     
  1.557785500000000E-003   3.99971446808785     
  1.582576500000000E-003   3.99971440843505     
  1.607679400000000E-003   3.99971434707206     
  1.633098000000000E-003   3.99971428395338     
  1.658836300000000E-003   3.99971421903195     
  1.684898300000000E-003   3.99971415225961     
  1.711288200000000E-003   3.99971408358657     
  1.738010100000000E-003   3.99971401296211     
  1.765068000000000E-003   3.99971394033464     
  1.792466300000000E-003   3.99971386565027     
  1.820209200000000E-003   3.99971378885441     
  1.848301100000000E-003   3.99971370989066     
  1.876746400000000E-003   3.99971362870127     
  1.905549400000000E-003   3.99971354522748     
  1.934714800000000E-003   3.99971345940798     
  1.964247000000000E-003   3.99971337118095     
  1.994150600000000E-003   3.99971328048252     
  2.024430400000000E-003   3.99971318724675     
  2.055091100000000E-003   3.99971309140645     
  2.086137400000000E-003   3.99971299289292     
  2.117574300000000E-003   3.99971289163491     
  2.149406600000000E-003   3.99971278756013     
  2.181639300000000E-003   3.99971268059402     
  2.214277400000000E-003   3.99971257066027     
  2.247326000000000E-003   3.99971245768048     
  2.280790400000000E-003   3.99971234157378     
  2.314675700000000E-003   3.99971222225809     
  2.348987200000000E-003   3.99971209964876     
  2.383730300000000E-003   3.99971197365886     
  2.418910400000000E-003   3.99971184419941     
  2.454533000000000E-003   3.99971171117906     
  2.490603700000000E-003   3.99971157450396     
  2.527128200000000E-003   3.99971143407772     
  2.564112000000000E-003   3.99971128980256     
  2.601561000000000E-003   3.99971114157684     
  2.639481100000000E-003   3.99971098929661     
  2.677878200000000E-003   3.99971083285553     
  2.716758200000000E-003   3.99971067214483     
  2.756127300000000E-003   3.99971050705203     
  2.795991600000000E-003   3.99971033746244     
  2.836357300000000E-003   3.99971016325838     
  2.877230800000000E-003   3.99970998431858     
  2.918618400000000E-003   3.99970980051943     
  2.960526500000000E-003   3.99970961173410     
  3.002961900000000E-003   3.99970941783099     
  3.045930900000000E-003   3.99970921867784     
  3.089440500000000E-003   3.99970901413610     
  3.133497400000000E-003   3.99970880406545     
  3.178108400000000E-003   3.99970858832194     
  3.223280600000000E-003   3.99970836675685     
  3.269020900000000E-003   3.99970813921907     
  3.315336600000000E-003   3.99970790555206     
  3.362234900000000E-003   3.99970766559619     
  3.409723100000000E-003   3.99970741918772     
  3.457808600000000E-003   3.99970716615863     
  3.506498900000000E-003   3.99970690633661     
  3.555801800000000E-003   3.99970663954376     
  3.605724700000000E-003   3.99970636560033     
  3.656275600000000E-003   3.99970608431923     
  3.707462400000000E-003   3.99970579550961     
  3.759293000000000E-003   3.99970549897632     
  3.811775600000000E-003   3.99970519451807     
  3.864918300000000E-003   3.99970488192957     
  3.918729400000000E-003   3.99970456099971     
  3.973217500000000E-003   3.99970423151076     
  4.028390900000000E-003   3.99970389324192     
  4.084258300000000E-003   3.99970354596489     
  4.140828400000000E-003   3.99970318944625     
  4.198110100000000E-003   3.99970282344598     
  4.256112300000000E-003   3.99970244771864     
  4.314844000000000E-003   3.99970206201260     
  4.374314600000000E-003   3.99970166606789     
  4.434533200000000E-003   3.99970125962064     
  4.495509200000000E-003   3.99970084239904     
  4.557252200000000E-003   3.99970041412371     
  4.619771900000000E-003   3.99969997450829     
  4.683077900000000E-003   3.99969952326065     
  4.747180300000000E-003   3.99969906007846     
  4.812088900000000E-003   3.99969858465478     
  4.877814000000000E-003   3.99969809667204     
  4.944365900000000E-003   3.99969759580551     
  5.011754800000000E-003   3.99969708172387     
  5.079991400000000E-003   3.99969655408453     
  5.149086300000000E-003   3.99969601253795     
  5.219050300000000E-003   3.99969545672510     
  5.289894400000000E-003   3.99969488627729     
  5.361629500000000E-003   3.99969430081833     
  5.434267000000000E-003   3.99969369995946     
  5.507818100000000E-003   3.99969308330480     
  5.582294400000000E-003   3.99969245044622     
  5.657707500000000E-003   3.99969180096638     
  5.734069200000000E-003   3.99969113443683     
  5.811391400000000E-003   3.99969045041859     
  5.889686200000000E-003   3.99968974846104     
  5.968965800000000E-003   3.99968902810251     
  6.049242600000000E-003   3.99968828886915     
  6.130529200000000E-003   3.99968753027457     
  6.212838200000000E-003   3.99968675182148     
  6.296182600000000E-003   3.99968595299761     
  6.380575300000000E-003   3.99968513328009     
  6.466029500000000E-003   3.99968429213147     
  6.552558700000000E-003   3.99968342899918     
  6.640176200000000E-003   3.99968254332028     
  6.728895800000000E-003   3.99968163451413     
  6.818731300000000E-003   3.99968070198705     
  6.909696900000000E-003   3.99967974512785     
  7.001806700000000E-003   3.99967876331266     
  7.095075000000000E-003   3.99967775590153     
  7.189516600000000E-003   3.99967672223470     
  7.285146000000000E-003   3.99967566164090     
  7.381978400000000E-003   3.99967457342605     
  7.480028700000000E-003   3.99967345688384     
  7.579312400000000E-003   3.99967231128533     
  7.679844800000000E-003   3.99967113588752     
  7.781641900000000E-003   3.99966992992257     
  7.884719400000000E-003   3.99966869260894     
  7.989093399999999E-003   3.99966742314285     
  8.094780300000000E-003   3.99966612069883     
  8.201796600000000E-003   3.99966478443164     
  8.310158999999999E-003   3.99966341347465     
  8.419884399999999E-003   3.99966200693929     
  8.530990000000000E-003   3.99966056391322     
  8.643493100000000E-003   3.99965908346240     
  8.757411300000000E-003   3.99965756462793     
  8.872762500000001E-003   3.99965600642541     
  8.989564600000000E-003   3.99965440784842     
  9.107835800000000E-003   3.99965276786398     
  9.227594800000001E-003   3.99965108540896     
  9.348860100000000E-003   3.99964935939931     
  9.471650800000000E-003   3.99964758871819     
  9.595986000000001E-003   3.99964577222375     
  9.721885099999999E-003   3.99964390874427     
  9.849367800000000E-003   3.99964199707740     
  9.978454100000001E-003   3.99964003598933     
  1.010916410000000E-002   3.99963802421722     
  1.024151820000000E-002   3.99963596046537     
  1.037553710000000E-002   3.99963384340445     
  1.051124180000000E-002   3.99963167167068     
  1.064865340000000E-002   3.99962944386820     
  1.078779340000000E-002   3.99962715856354     
  1.092868360000000E-002   3.99962481428621     
  1.107134600000000E-002   3.99962240952959     
  1.121580290000000E-002   3.99961994274833     
  1.136207680000000E-002   3.99961741235920     
  1.151019060000000E-002   3.99961481673668     
  1.166016750000000E-002   3.99961215421371     
  1.181203080000000E-002   3.99960942308425     
  1.196580430000000E-002   3.99960662159522     
  1.212151210000000E-002   3.99960374794889     
  1.227917840000000E-002   3.99960080030563     
  1.243882800000000E-002   3.99959777677351     
  1.260048560000000E-002   3.99959467542033     
  1.276417670000000E-002   3.99959149425543     
  1.292992680000000E-002   3.99958823124370     
  1.309776170000000E-002   3.99958488429886     
  1.326770770000000E-002   3.99958145127804     
  1.343979140000000E-002   3.99957792998457     
  1.361403970000000E-002   3.99957431816664     
  1.379047970000000E-002   3.99957061351811     
  1.396913910000000E-002   3.99956681366890     
  1.415004570000000E-002   3.99956291619390     
  1.433322780000000E-002   3.99955891860328     
  1.451871410000000E-002   3.99955481834292     
  1.470653350000000E-002   3.99955061279740     
  1.489671540000000E-002   3.99954629928185     
  1.508928950000000E-002   3.99954187504476     
  1.528428590000000E-002   3.99953733726418     
  1.548173500000000E-002   3.99953268304834     
  1.568166770000000E-002   3.99952790942926     
  1.588411530000000E-002   3.99952301336333     
  1.608910940000000E-002   3.99951799173188     
  1.629668190000000E-002   3.99951284133956     
  1.650686540000000E-002   3.99950755890245     
  1.671969270000000E-002   3.99950214105851     
  1.693519700000000E-002   3.99949658436072     
  1.715341210000000E-002   3.99949088526982     
  1.737437190000000E-002   3.99948504016526     
  1.759811110000000E-002   3.99947904532471     
  1.782466450000000E-002   3.99947289694040     
  1.805406770000000E-002   3.99946659109809     
  1.828635640000000E-002   3.99946012379371     
  1.852156690000000E-002   3.99945349091748     
  1.875973600000000E-002   3.99944668825409     
  1.900090090000000E-002   3.99943971148303     
  1.924509930000000E-002   3.99943255617328     
  1.949236930000000E-002   3.99942521778360     
  1.974274960000000E-002   3.99941769165392     
  1.999627930000000E-002   3.99940997300858     
  2.025299810000000E-002   3.99940205694744     
  2.051294590000000E-002   3.99939393845537     
  2.077616350000000E-002   3.99938561237760     
  2.104269190000000E-002   3.99937707343854     
  2.131257290000000E-002   3.99936831621966     
  2.158584850000000E-002   3.99935933517557     
  2.186256150000000E-002   3.99935012461141     
  2.214275520000000E-002   3.99934067868908     
  2.242647320000000E-002   3.99933099143073     
  2.271376000000000E-002   3.99932105669499     
  2.300466040000000E-002   3.99931086819369     
  2.329921990000000E-002   3.99930041947447     
  2.359748450000000E-002   3.99928970392397     
  2.389950080000000E-002   3.99927871476042     
  2.420531600000000E-002   3.99926744502963     
  2.451497780000000E-002   3.99925588760465     
  2.482853480000000E-002   3.99924403516658     
  2.514603580000000E-002   3.99923188022656     
  2.546753040000000E-002   3.99921941509896     
  2.579306900000000E-002   3.99920663189640     
  2.612270240000000E-002   3.99919352254078     
  2.645648200000000E-002   3.99918007875092     
  2.679446000000000E-002   3.99916629202973     
  2.713668930000000E-002   3.99915215366290     
  2.748322340000000E-002   3.99913765471796     
  2.783411620000000E-002   3.99912278604770     
  2.818942280000000E-002   3.99910753825109     
  2.854919850000000E-002   3.99909190171001     
  2.891349970000000E-002   3.99907586654517     
  2.928238330000000E-002   3.99905942263613     
  2.965590680000000E-002   3.99904255961139     
  3.003412860000000E-002   3.99902526682890     
  3.041710800000000E-002   3.99900753336931     
  3.080490460000000E-002   3.99898934805741     
  3.119757900000000E-002   3.99897069942351     
  3.159519270000000E-002   3.99895157570077     
  3.199780780000000E-002   3.99893196483269     
  3.240548720000000E-002   3.99891185445660     
  3.281829450000000E-002   3.99889123190147     
  3.323629430000000E-002   3.99887008416549     
  3.365955190000000E-002   3.99884839792333     
  3.408813340000000E-002   3.99882615951353     
  3.452210580000000E-002   3.99880335492526     
  3.496153690000000E-002   3.99877996979530     
  3.540649540000000E-002   3.99875598939443     
  3.585705080000000E-002   3.99873139862409     
  3.631327340000000E-002   3.99870618200785     
  3.677523470000000E-002   3.99868032366013     
  3.724300660000000E-002   3.99865380732143     
  3.771666250000000E-002   3.99862661628709     
  3.819627620000000E-002   3.99859873345982     
  3.868192270000000E-002   3.99857014129418     
  3.917367780000000E-002   3.99854082180942     
  3.967161850000000E-002   3.99851075655522     
  4.017582250000000E-002   3.99847992663078     
  4.068636860000000E-002   3.99844831264994     
  4.120333660000000E-002   3.99841589473574     
  4.172680730000000E-002   3.99838265250878     
  4.225686240000000E-002   3.99834856508193     
  4.279358470000000E-002   3.99831361103549     
  4.333705830000000E-002   3.99827776839120     
  4.388736780000000E-002   3.99824101465216     
  4.444459940000000E-002   3.99820332671724     
  4.500884010000000E-002   3.99816468092050     
  4.558017810000000E-002   3.99812505299081     
  4.615870270000000E-002   3.99808441804431     
  4.674450420000000E-002   3.99804275057720     
  4.733767410000000E-002   3.99800002443697     
  4.793830520000000E-002   3.99795621279966     
  4.854649140000000E-002   3.99791128816845     
  4.916232750000000E-002   3.99786522237309     
  4.978591000000000E-002   3.99781798649392     
  5.041733610000000E-002   3.99776955091991     
  5.105670460000000E-002   3.99771988526360     
  5.170411530000000E-002   3.99766895838924     
  5.235966950000000E-002   3.99761673835578     
  5.302346960000000E-002   3.99756319242975     
  5.369561920000000E-002   3.99750828705894     
  5.437622340000000E-002   3.99745198782842     
  5.506538860000000E-002   3.99739425945666     
  5.576322240000000E-002   3.99733506578363     
  5.646983390000000E-002   3.99727436972480     
  5.718533340000000E-002   3.99721213327523     
  5.790983280000000E-002   3.99714831745305     
  5.864344530000000E-002   3.99708288230283     
  5.938628550000000E-002   3.99701578686400     
  6.013846950000000E-002   3.99694698913815     
  6.090011480000000E-002   3.99687644607391     
  6.167134050000000E-002   3.99680411352355     
  6.245226690000000E-002   3.99672994625515     
  6.324301620000000E-002   3.99665389786057     
  6.404371189999999E-002   3.99657592078530     
  6.485447910000000E-002   3.99649596627275     
  6.567544450000000E-002   3.99641398433597     
  6.650673640000000E-002   3.99632992372885     
  6.734848459999999E-002   3.99624373192689     
  6.820082070000000E-002   3.99615535506660     
  6.906387790000000E-002   3.99606473793463     
  6.993779100000000E-002   3.99597182393650     
  7.082269660000000E-002   3.99587655504310     
  7.171873300000001E-002   3.99577887176769     
  7.262604000000000E-002   3.99567871315429     
  7.354475970000000E-002   3.99557601665446     
  7.447503530000001E-002   3.99547071822458     
  7.541701240000000E-002   3.99536275214410     
  7.637083810000000E-002   3.99525205107903     
  7.733666150000000E-002   3.99513854598677     
  7.831463340000000E-002   3.99502216611163     
  7.930490670000000E-002   3.99490283889737     
  8.030763610000000E-002   3.99478048998129     
  8.132297830000000E-002   3.99465504312803     
  8.235109190000001E-002   3.99452642019847     
  8.339213760000000E-002   3.99439454108050     
  8.444627809999999E-002   3.99425932365563     
  8.551367800000000E-002   3.99412068376584     
  8.659450410000000E-002   3.99397853512735     
  8.768892530000000E-002   3.99383278929425     
  8.879711270000000E-002   3.99368335559498     
  8.991923940000000E-002   3.99353014110798     
  9.105548070000000E-002   3.99337305058285     
  9.220601410000000E-002   3.99321198638641     
  9.337101940000000E-002   3.99304684843371     
  9.455067880000000E-002   3.99287753411668     
  9.574517640000001E-002   3.99270393831844     
  9.695469890000000E-002   3.99252595325423     
  9.817943540000000E-002   3.99234346843850     
  9.941957710000000E-002   3.99215637066813     
  0.100675317900000        3.99196454386954     
  0.101946854000000        3.99176786909347     
  0.103234384000000        3.99156622443416     
  0.104538109200000        3.99135948491441     
  0.105858233200000        3.99114752247860     
  0.107194962400000        3.99093020584227     
  0.108548505500000        3.99070740049966     
  0.109919074100000        3.99047896855174     
  0.111306882300000        3.99024476869498     
  0.112712147000000        3.99000465609358     
  0.114135087800000        3.98975848231588     
  0.115575926900000        3.98950609527066     
  0.117034889600000        3.98924733903611     
  0.118512203800000        3.98898205386137     
  0.120008100200000        3.98871007604506     
  0.121522812800000        3.98843123775401     
  0.123056578100000        3.98814536707722     
  0.124609635800000        3.98785228780443     
  0.126182228500000        3.98755181938545     
  0.127774602000000        3.98724377677527     
  0.129387005100000        3.98692797037149     
  0.131019689800000        3.98660420587318     
  0.132672911100000        3.98627228421569     
  0.134346927400000        3.98593200138389     
  0.136042000200000        3.98558314836250     
  0.137758394300000        3.98522551098411     
  0.139496378100000        3.98485886975109     
  0.141256223000000        3.98448299984407     
  0.143038204000000        3.98409767087692     
  0.144842599600000        3.98370264679418     
  0.146669691700000        3.98329768576808     
  0.148519765800000        3.98288254002731     
  0.150393111000000        3.98245695572608     
  0.152290019900000        3.98202067283405     
  0.154210789000000        3.98157342490874     
  0.156155718400000        3.98111493902477     
  0.158125112100000        3.98064493556194     
  0.160119277600000        3.98016312815588     
  0.162138526600000        3.97966922338291     
  0.164183174700000        3.97916292067896     
  0.166253541300000        3.97864391221119     
  0.168349949900000        3.97811188264672     
  0.170472728100000        3.97756650899115     
  0.172622207500000        3.97700746045059     
  0.174798724000000        3.97643439818723     
  0.177002617800000        3.97584697514699     
  0.179234233100000        3.97524483596615     
  0.181493918700000        3.97462761663393     
  0.183782027600000        3.97399494441883     
  0.186098917500000        3.97334643754689     
  0.188444950100000        3.97268170520931     
  0.190820492300000        3.97200034703358     
  0.193225915100000        3.97130195319884     
  0.195661594400000        3.97058610400994     
  0.198127910700000        3.96985236978113     
  0.200625249500000        3.96910031051144     
  0.203154001000000        3.96832947576339     
  0.205714560200000        3.96753940442151     
  0.208307327300000        3.96672962435179     
  0.210932707400000        3.96589965227213     
  0.213591110800000        3.96504899343378     
  0.216282952700000        3.96417714148898     
  0.219008653800000        3.96328357806605     
  0.221768640000000        3.96236777262847     
  0.224563342600000        3.96142918216950     
  0.227393198200000        3.96046725100218     
  0.230258649000000        3.95948141041100     
  0.233160142700000        3.95847107843400     
  0.236098132700000        3.95743565953860     
  0.239073078100000        3.95637454436210     
  0.242085443700000        3.95528710944992     
  0.245135700200000        3.95417271691834     
  0.248224324200000        3.95303071418461     
  0.251351798400000        3.95186043361971     
  0.254518611200000        3.95066119242274     
  0.257725257700000        3.94943229196482     
  0.260972238900000        3.94817301780643     
  0.264260062000000        3.94688263930104     
  0.267589240900000        3.94556040910962     
  0.270960295700000        3.94420556310405     
  0.274373753100000        3.94281731991588     
  0.277830146500000        3.94139488059717     
  0.281330016000000        3.93993742831986     
  0.284873908500000        3.93844412803243     
  0.288462377600000        3.93691412619958     
  0.292095984100000        3.93534655028472     
  0.295775295800000        3.93374050852537     
  0.299500887500000        3.93209508962651     
  0.303273341400000        3.93040936227546     
  0.307093246900000        3.92868237491862     
  0.310961200900000        3.92691315531624     
  0.314877807700000        3.92510071027625     
  0.318843679500000        3.92324402511123     
  0.322859435700000        3.92134206365390     
  0.326925704000000        3.91939376743177     
  0.331043119600000        3.91739805573542     
  0.335212325900000        3.91535382497852     
  0.339433974400000        3.91325994843826     
  0.343708724600000        3.91111527600471     
  0.348037244600000        3.90891863358271     
  0.352420210700000        3.90666882299593     
  0.356858307800000        3.90436462149469     
  0.361352229200000        3.90200478157477     
  0.365902677100000        3.89958803043851     
  0.370510362700000        3.89711306966371     
  0.375176005800000        3.89457857515242     
  0.379900335500000        3.89198319649833     
  0.384684090000000        3.88932555684330     
  0.389528016600000        3.88660425264172     
  0.394432872400000        3.88381785303932     
  0.399399423600000        3.88096490004938     
  0.404428446400000        3.87804390783779     
  0.409520726500000        3.87505336281767     
  0.414677059600000        3.87199172318521     
  0.419898251400000        3.86885741875795     
  0.425185117600000        3.86564885083437     
  0.430538484500000        3.86236439170621     
  0.435959188500000        3.85900238485706     
  0.441448076500000        3.85556114463934     
  0.447006006200000        3.85203895602640     
  0.452633846000000        3.84843407463880     
  0.458332475400000        3.84474472648009     
  0.464102784700000        3.84096910814887     
  0.469945675600000        3.83710538649951     
  0.475862061000000        3.83315169885149     
  0.481852865300000        3.82910615290598     
  0.487919024700000        3.82496682669028     
  0.494061487000000        3.82073176887850     
  0.500281212000000        3.81639899874539     
  0.506579171400000        3.81196650650404     
  0.512956349500000        3.80743225312571     
  0.519413742500000        3.80279417119196     
  0.525952359600000        3.79805016451948     
  0.532573222300000        3.79319810911981     
  0.539277365300000        3.78823585305977     
  0.546065836000000        3.78316121739679     
  0.552939695100000        3.77797199636789     
  0.559900016700000        3.77266595800382     
  0.566947888400000        3.76724084481080     
  0.574084411500000        3.76169437444491     
  0.581310700900000        3.75602424069235     
  0.588627885800000        3.75022811389948     
  0.596037109700000        3.74430364201891     
  0.603539530000000        3.73824845206861     
  0.611136319200000        3.73206015039205     
  0.618828664300000        3.72573632444670     
  0.626617767100000        3.71927454396926     
  0.634504844800000        3.71267236197845     
  0.642491129800000        3.70592731653675     
  0.650577869800000        3.69903693237548     
  0.658766328500000        3.69199872211240     
  0.667057785300000        3.68481018842753     
  0.675453535800000        3.67746882567290     
  0.683954891800000        3.66997212202944     
  0.692563181800000        3.66231756134833     
  0.701279750700000        3.65450262582522     
  0.710105960500000        3.64652479791867     
  0.719043190400000        3.63838156292947     
  0.728092836800000        3.63007041181415     
  0.737256313700000        3.62158884377706     
  0.746535053000000        3.61293436909259     
  0.755930504500000        3.60410451235513     
  0.765444136200000        3.59509681560467     
  0.775077434600000        3.58590884160388     
  0.784831905100000        3.57653817717351     
  0.794709071600000        3.56698243745823     
  0.804710477700000        3.55723926881729     
  0.814837685900000        3.54730635381045     
  0.825092278700000        3.53718141451074     
  0.835475858400000        3.52686221724922     
  0.845990047500000        3.51634657694611     
  0.856636488800000        3.50563236191124     
  0.867416845800000        3.49471749851792     
  0.878332803100000        3.48359997604465     
  0.889386066100000        3.47227785240351     
  0.900578362200000        3.46074925851052     
  0.911911439900000        3.44901240497516     
  0.923387070300000        3.43706558649204     
  0.935007046300000        3.42490718877090     
  0.946773183600000        3.41253569376554     
  0.958687320600000        3.39994968620309     
  0.970751319100000        3.38714785942671     
  0.982967064000000        3.37412902244174     
  0.995336464100000        3.36089210593830     
   1.00786145200000        3.34743616940175     
   1.02054398500000        3.33376040727612     
   1.03338604450000        3.31986415685321     
   1.04638963720000        3.30574690432713     
   1.05955679510000        3.29140829222897     
   1.07288957530000        3.27684812716438     
   1.08639006140000        3.26206638586804     
   1.10006036260000        3.24706322381447     
   1.11390261500000        3.23183898145461     
   1.12791898160000        3.21639419188333     
   1.14211165230000        3.20072958850260     
   1.15648284480000        3.18484611166189     
   1.17103480470000        3.16874491612586     
   1.18576980580000        3.15242737824519     
   1.20069015030000        3.13589510313538     
   1.21579816960000        3.11914993106003     
   1.23109622450000        3.10219394431994     
   1.24658670510000        3.08502947428636     
   1.26227203210000        3.06765910666277     
   1.27815465610000        3.05008568871018     
   1.29423705900000        3.03231233386015     
   1.31052175360000        3.01434242799943     
   1.32701128450000        2.99617963395885     
   1.34370822810000        2.97782789660214     
   1.36061519340000        2.95929144660040     
   1.37773482220000        2.94057480439734     
   1.39506978930000        2.92168278366080     
   1.41262280350000        2.90262049331198     
   1.43039660750000        2.88339334016644     
   1.44839397840000        2.86400703028743     
   1.46661772830000        2.84446756956391     
   1.48507070480000        2.82478126369095     
   1.50375579120000        2.80495471772232     
   1.52267590700000        2.78499483451333     
   1.54183400860000        2.76490881213365     
   1.56123308950000        2.74470414095144     
   1.58087618070000        2.72438859960944     
   1.60076635160000        2.70397024956352     
   1.62090671010000        2.68345742950107     
   1.64130040300000        2.66285874846131     
   1.66195061710000        2.64218307725088     
   1.68286057890000        2.62143954025267     
   1.70403355560000        2.60063750488073     
   1.72547285560000        2.57978657049512     
   1.74718182880000        2.55889655644772     
   1.76916386720000        2.53797748876586     
   1.79142240560000        2.51703958568233     
   1.81396092200000        2.49609324239443     
   1.83678293810000        2.47514901467324     
   1.85989201970000        2.45421760152525     
   1.88329177790000        2.43330982611861     
   1.90698586870000        2.41243661716842     
   1.93097799450000        2.39160898765419     
   1.95527190410000        2.37083801396017     
   1.97987139350000        2.35013481342273     
   2.00478030630000        2.32951052138965     
   2.03000253480000        2.30897626691643     
   2.05554201970000        2.28854314888890     
   2.08140275190000        2.26822220976817     
   2.10758877200000        2.24802441059430     
   2.13410417170000        2.22796060393691     
   2.16095309410000        2.20804150726148     
   2.18813973440000        2.18827767559403     
   2.21566834050000        2.16867947395522     
   2.24354321380000        2.14925704942706     
   2.27176870990000        2.13002030315817     
   2.30034923900000        2.11097886251347     
   2.32928926690000        2.09214205284360     
   2.35859331550000        2.07351886971738     
   2.38826596370000        2.05511795110211     
   2.41831184790000        2.03694755010426     
   2.44873566280000        2.01901550791357     
   2.47954216210000        2.00132922730500     
   2.51073615950000        1.98389564656539     
   2.54232252910000        1.96672121445987     
   2.57430620630000        1.94981186570562     
   2.60669218870000        1.93317299736689     
   2.63948553650000        1.91680944652981     
   2.67269137390000        1.90072546860765     
   2.70631488930000        1.88492471752047     
   2.74036133650000        1.86941022677065     
   2.77483603520000        1.85418439239007     
   2.80974437230000        1.83924895720175     
   2.84509180220000        1.82460499735627     
   2.88088384810000        1.81025291041509     
   2.91712610240000        1.79619240595972     
   2.95382422820000        1.78242249807092     
   2.99098395960000        1.76894150076115     
   3.02861110290000        1.75574702569574     
   3.06671153730000        1.74283598290542     
   3.10529121630000        1.73020458421254     
   3.14435616780000        1.71784835018392     
   3.18391249600000        1.70576211969705     
   3.22396638150000        1.69394006339082     
   3.26452408290000        1.68237570000561     
   3.30559193740000        1.67106191641920     
   3.34717636180000        1.65999099092299     
   3.38928385400000        1.64915461967060     
   3.43192099320000        1.63854394664375     
   3.47509444160000        1.62814959621306     
   3.51881094510000        1.61796170870866     
   3.56307733450000        1.60796997830718     
   3.60790052660000        1.59816369302665     
   3.65328752500000        1.58853177644767     
   3.69924542150000        1.57906283050109     
   3.74578139730000        1.56974517900678     
   3.79290272360000        1.56056691151042     
   3.84061676310000        1.55151592659258     
   3.88893097150000        1.54257997433934     
   3.93785289770000        1.53374669773425     
   3.98739018600000        1.52500367194864     
   4.03755057670000        1.51633844187662     
   4.08834190750000        1.50773855724761     
   4.13977211450000        1.49919160543510     
   4.19184923390000        1.49068524181089     
   4.24458140290000        1.48220721807508     
   4.29797686080000        1.47374540870762     
   4.35204395100000        1.46528783588344     
   4.40679112140000        1.45682269380108     
   4.46222692640000        1.44833837254474     
   4.51836002810000        1.43982348251995     
   4.57519919720000        1.43126688001705     
   4.63275331510000        1.42265769423631     
   4.69103137460000        1.41398535658600     
   4.75004248190000        1.40523963206202     
   4.80979585760000        1.39641065301506     
   4.87030083820000        1.38748895474533     
   4.93156687770000        1.37846551233131     
   4.99360354920000        1.36933177773752     
   5.05642054590000        1.36007971603489     
   5.12002768320000        1.35070183900879     
   5.18443489980000        1.34119123486485     
   5.24965225940000        1.33154159219912     
   5.31568995250000        1.32174721685907     
   5.38255829740000        1.31180304069426     
   5.45026774260000        1.30170462120875     
   5.51882886780000        1.29144813248253     
   5.58825238570000        1.28103034770504     
   5.65854914400000        1.27044861484021     
   5.72973012670000        1.25970082772241     
   5.80180645590000        1.24878539518297     
   5.87478939370000        1.23770121145052     
   5.94869034390000        1.22644763116287     
   6.02352085360000        1.21502445200926     
   6.09929261530000        1.20343190728096     
   6.17601746830000        1.19167066981942     
   6.25370740120000        1.17974186698744     
   6.33237455320000        1.16764710528692     
   6.41203121610000        1.15538850092351     
   6.49268983650000        1.14296871147439     
   6.57436301750000        1.13039096275075     
   6.65706352060000        1.11765906428858     
   6.74080426800000        1.10477740739004     
   6.82559834430000        1.09175094120163     
   6.91145899880000        1.07858512431817     
   6.99839964730000        1.06528585289785     
   7.08643387460000        1.05185936954005     
   7.17557543620000        1.03831216121130     
   7.26583826060000        1.02465085709029     
   7.35723645150000        1.01088213933982     
   7.44978429020000       0.997012679695987     
   7.54349623730000       0.983049112818268     
   7.63838693570000       0.968998052533839     
   7.73447121210000       0.954866151508460     
   7.83176407990000       0.940660196496757     
   7.93028074130000       0.926387224487484     
   8.03003658980000       0.912054638305626     
   8.13104721240000       0.897670297100471     
   8.23332839220000       0.883242557633311     
   8.33689611090000       0.868780247963747     
   8.44176655110000       0.854292565294600     
   8.54795609910000       0.839788903415474     
   8.65548134710000       0.825278630616420     
   8.76435909630000       0.810770852167481     
   8.87460635890000       0.796274200605097     
   8.98624036140000       0.781796697276181     
   9.09927854680000       0.767345720398060     
   9.21373857760000       0.752928095967384     
   9.32963833820000       0.738550302892387     
   9.44699593850000       0.724218755665489     
   9.56582971550000       0.709940105040007     
   9.68615823750000       0.695721483673966     
   9.80800030600000       0.681570628633615     
   9.93137495910000       0.667495833762365     
   10.0563014742000       0.653505723711930     
   10.1827993714000       0.639608887387841     
   10.3108884164000       0.625813451968183     
   10.4405886231000       0.612126705219851     
   10.5719202577000       0.598554873128654     
   10.7049038408000       0.585103127850000     
   10.8395601515000       0.571775840018844     
   10.9759102300000       0.558577016774052     
   11.1139753815000       0.545510801109053     
   11.2537771787000       0.532581875271051     
   11.3953374661000       0.519795625555363     
   11.5386783626000       0.507157993364745     
   11.6838222658000       0.494675040043732     
   11.8307918544000       0.482352361245879     
   11.9796100929000       0.470194557567585     
   12.1303002344000       0.458204970382380     
   12.2828858246000       0.446385809659464     
   12.4373907052000       0.434738655533809     
   12.5938390179000       0.423265156027747     
   12.7522552082000       0.411967637254414     
   12.9126640288000       0.400849345777368     
   13.0750905441000       0.389914174036693     
   13.2395601333000       0.379165941413838     
   13.4060984954000       0.368607525241113     
   13.5747316521000       0.358240250742153     
   13.7454859529000       0.348063876922819     
   13.9183880783000       0.338077260199397     
   14.0934650448000       0.328279435666802     
   14.2707442083000       0.318670595823626     
   14.4502532693000       0.309252425032459     
   14.6320202763000       0.300027525302171     
   14.8160736307000       0.290998143782004     
   15.0024420914000       0.282164847792068     
   15.1911547787000       0.273525921196238     
   15.3822411794000       0.265077938676715     
   15.5757311512000       0.256817321846552     
   15.7716549271000       0.248742040168376     
   15.9700431208000       0.240852406649558     
   16.1709267308000       0.233150355526608     
   16.3743371455000       0.225637506041347     
   16.5803061483000       0.218313175367254     
   16.7888659222000       0.211173693079109     
   17.0000490551000       0.204213631885445     
   17.2138885448000       0.197428274753406     
   17.4304178042000       0.190815649991224     
   17.6496706663000       0.184376587011725     
   17.8716813900000       0.178112573455078     
   18.0964846648000       0.172022883843285     
   18.3241156167000       0.166103197658999     
   18.5546098134000       0.160346961745818     
   18.7880032703000       0.154748613489016     
   19.0243324555000       0.149306116544934     
   19.2636342958000       0.144020595353729     
   19.5059461828000       0.138893183035588     
   19.7513059781000       0.133921686450719     
   19.9997520197000       0.129100042583550     
   20.2513231278000       0.124421177495096     
   20.5060586108000       0.119880732964873     
   20.7639982718000       0.115478194577323     
   21.0251824144000       0.111214383266251     
   21.2896518490000       0.107087864353063     
   21.5574478996000       0.103093907424582     
   21.8286124098000       9.922687314786141E-002
   22.1031877496000       9.548315268029971E-002
   22.3812168221000       9.186129653246565E-002
   22.6627430698000       8.835949176121609E-002
   22.9478104818000       8.497392720841777E-002
   23.2364636004000       8.170040926938160E-002
   23.5287475282000       7.853699889119202E-002
   23.8247079353000       7.548350519693144E-002
   24.1243910660000       7.253771051835700E-002
   24.4278437464000       6.969337591701141E-002
   24.7351133917000       6.694374873554990E-002
   25.0462480134000       6.428690552914613E-002
   25.3612962267000       6.172562094597402E-002
   25.6803072588000       5.926091390412271E-002
   26.0033309557000       5.688731716878458E-002
   26.3304177905000       5.459641548773207E-002
   26.6616188712000       5.238414739850745E-002
   26.9969859486000       5.025214857891658E-002
   27.3365714246000       4.820193824565071E-002
   27.6804283600000       4.623047890117005E-002
   28.0286104833000       4.433226159268382E-002
   28.3811721985000       4.250319339037982E-002
   28.7381685941000       4.074119402643643E-002
   29.0996554516000       3.904544327720190E-002
   29.4656892540000       3.741622659468994E-002
   29.8363271949000       3.585264059349686E-002
   30.2116271872000       3.434960042286071E-002
   30.5916478722000       3.290113736847128E-002
   30.9764486290000       3.150712740914016E-002
   31.3660895834000       3.017085591701443E-002
   31.7606316177000       2.888979919881215E-002
   32.1601363799000       2.765708763584306E-002
   32.5646662934000       2.647158246251164E-002
   32.9742845668000       2.533576855278473E-002
   33.3890552038000       2.424588500430819E-002
   33.8090430131000       2.319697772042719E-002
   34.2343136188000       2.219180353793021E-002
   34.6649334701000       2.123088858134837E-002
   35.1009698524000       2.030597880739243E-002
   35.5424908972000       1.941580520191379E-002
   35.9895655931000       1.856787560713946E-002
   36.4422637963000       1.775782098607628E-002
   36.9006562420000       1.697489762414206E-002
   37.3648145548000       1.622329538569589E-002
   37.8348112605000       1.550830456597443E-002
   38.3107197970000       1.482189308896665E-002
   38.7926145259000       1.416223863097289E-002
   39.2805707443000       1.353406136207268E-002
   39.7746646964000       1.293114541167739E-002
   40.2749735853000       1.235059002085208E-002
   40.7815755853000       1.179851260078136E-002
   41.2945498541000       1.127116290749043E-002
   41.8139765448000       1.076332836114138E-002
   42.3399368189000       1.027764222439943E-002
   42.8725128589000       9.813526736840125E-003
   43.4117878808000       9.370566330837667E-003
   43.9578461475000       8.947807539321544E-003
   44.5107729815000       8.541005998244732E-003
   45.0706547790000       8.151602278359801E-003
   45.6375790225000       7.780389105144146E-003
   46.2116342952000       7.425784678874337E-003
   46.7929102942000       7.087078783443486E-003
   47.3814978453000       6.763169982316972E-003
   47.9774889163000       6.453882978399583E-003
   48.5809766322000       6.155587837377545E-003
   49.1920552890000       5.873399256055112E-003
   49.8108203691000       5.605301359245138E-003
   50.4373685558000       5.343648871158544E-003
   51.0717977485000       5.098440935872287E-003
   51.7142070781000       4.862556521444505E-003
   52.3646969223000       4.638131546990465E-003
   53.0233689214000       4.424414171287797E-003
   53.6903259944000       4.215424445981460E-003
   54.3656723546000       4.023181994736177E-003
   55.0495135262000       3.834658363770246E-003
   55.7419563609000       3.656194195632660E-003
   56.4431090543000       3.485542225705480E-003
   57.1530811628000       3.322601122029149E-003
   57.8719836211000       3.169139132301146E-003
   58.5999287591000       3.019744858662781E-003
   59.3370303198000       2.877849646852876E-003
   60.0834034767000       2.743149572235839E-003
   60.8391648522000       2.615142586942776E-003
   61.6044325355000       2.492357709239798E-003
   62.3793261013000       2.373723664175242E-003
   63.1639666283000       2.264628749479117E-003
   63.9584767182000       2.155292301400940E-003
   64.7629805146000       2.056228255680485E-003
   65.5776037232000       1.957362968815861E-003
   66.4024736302000       1.866004829206275E-003
   67.2377191234000       1.777112787140002E-003
   68.0834707116000       1.693770697370844E-003
   68.9398605451000       1.613701730824977E-003
   69.8070224367000       1.536484861848551E-003
   70.6850918821000       1.464335595289459E-003
   71.5742060815000       1.394599145036997E-003
   72.4745039607000       1.328439774403350E-003
   73.3861261932000       1.266152352559570E-003
   74.3092152217000       1.204532002068614E-003
   75.2439152809000       1.148635251071532E-003
   76.1903724195000       1.092878047855356E-003
   77.1487345233000       1.041818064644017E-003
   78.1191513384000       9.916528265720285E-004
   79.1017744944000       9.442466890823715E-004
   80.0967575281000       8.994069754221098E-004
   81.1042559077000       8.571036780374373E-004
   82.1244270568000       8.149148128372327E-004
   83.1574303794000       7.768999822382068E-004
   84.2034272841000       7.395920899367924E-004
   85.2625812102000       7.047265662528443E-004
   86.3350576527000       6.691524508780655E-004
   87.4210241881000       6.394837448223755E-004
   88.5206505010000       6.081716593976788E-004
   89.6341084101000       5.781029703386090E-004
   90.7615718956000       5.503121260707628E-004
   91.9032171259000       5.255167871995967E-004
   93.0592224855000       4.993791312129220E-004
   94.2297686024000       4.756297674515094E-004
   95.4150383769000       4.518127598223558E-004
   96.6152170099000       4.310776551454834E-004
   97.8304920316000       4.099819794156998E-004
   99.0610533313000       3.910104911238068E-004
   100.307093186700       3.719474223368396E-004
   101.568806294000       3.540293029722968E-004
   102.846389798400       3.359449281205063E-004
   104.140043325100       3.196110154119453E-004
   105.449969010000       3.053087140661002E-004
   106.776371531600       2.907395495994427E-004
   108.119458143100       2.779856555679956E-004
   109.479438704400       2.633047501121222E-004
   110.856525715400       2.516283513478812E-004
   112.250934348500       2.382729613462740E-004
   113.662882483100       2.265881090934474E-004
   115.092590738800       2.154440695063651E-004
   116.540282510600       2.045441983523320E-004
   118.006184003200       1.940997397017620E-004
