!        1006
!   4.99896267430506     
  5.196500000000000E-006   4.99896267426864     
  1.045830000000000E-005   4.99896267415753     
  1.578630000000000E-005   4.99896267396891     
  2.118140000000000E-005   4.99896267369988     
  2.664430000000000E-005   4.99896267334746     
  3.217590000000000E-005   4.99896267290858     
  3.777710000000000E-005   4.99896267238005     
  4.344880000000000E-005   4.99896267175864     
  4.919180000000000E-005   4.99896267104098     
  5.500700000000000E-005   4.99896267022364     
  6.089540000000000E-005   4.99896266930305     
  6.685780000000000E-005   4.99896266827559     
  7.289530000000001E-005   4.99896266713745     
  7.900869999999999E-005   4.99896266588481     
  8.519890000000000E-005   4.99896266451370     
  9.146710000000000E-005   4.99896266301998     
  9.781410000000000E-005   4.99896266139947     
  1.042409000000000E-004   4.99896265964785     
  1.107486000000000E-004   4.99896265776064     
  1.173381000000000E-004   4.99896265573330     
  1.240105000000000E-004   4.99896265356109     
  1.307668000000000E-004   4.99896265123918     
  1.376082000000000E-004   4.99896264876254     
  1.445355000000000E-004   4.99896264612617     
  1.515501000000000E-004   4.99896264332463     
  1.586528000000000E-004   4.99896264035267     
  1.658449000000000E-004   4.99896263720461     
  1.731274000000000E-004   4.99896263387479     
  1.805016000000000E-004   4.99896263035726     
  1.879685000000000E-004   4.99896262664603     
  1.955293000000000E-004   4.99896262273489     
  2.031853000000000E-004   4.99896261861733     
  2.109375000000000E-004   4.99896261428692     
  2.187872000000000E-004   4.99896260973684     
  2.267357000000000E-004   4.99896260496013     
  2.347842000000000E-004   4.99896259994963     
  2.429339000000000E-004   4.99896259469807     
  2.511861000000000E-004   4.99896258919788     
  2.595421000000000E-004   4.99896258344133     
  2.680032000000000E-004   4.99896257742042     
  2.765708000000000E-004   4.99896257112695     
  2.852461000000000E-004   4.99896256455257     
  2.940305000000000E-004   4.99896255768864     
  3.029254000000000E-004   4.99896255052624     
  3.119322000000000E-004   4.99896254305626     
  3.210523000000000E-004   4.99896253526930     
  3.302871000000000E-004   4.99896252715578     
  3.396381000000000E-004   4.99896251870572     
  3.491067000000000E-004   4.99896250990903     
  3.586944000000000E-004   4.99896250075526     
  3.684027000000000E-004   4.99896249123364     
  3.782331000000000E-004   4.99896248133320     
  3.881872000000000E-004   4.99896247104251     
  3.982665000000000E-004   4.99896246035004     
  4.084725000000000E-004   4.99896244924389     
  4.188070000000000E-004   4.99896243771157     
  4.292714000000000E-004   4.99896242574071     
  4.398674000000000E-004   4.99896241331830     
  4.505968000000000E-004   4.99896240043085     
  4.614610000000000E-004   4.99896238706505     
  4.724620000000000E-004   4.99896237320649     
  4.836013000000000E-004   4.99896235884103     
  4.948807000000000E-004   4.99896234395381     
  5.063020000000000E-004   4.99896232852957     
  5.178670000000000E-004   4.99896231255269     
  5.295775000000000E-004   4.99896229600713     
  5.414352000000000E-004   4.99896227887663     
  5.534421000000001E-004   4.99896226114408     
  5.656000000000000E-004   4.99896224279223     
  5.779109000000000E-004   4.99896222380311     
  5.903766000000000E-004   4.99896220415859     
  6.029991000000000E-004   4.99896218383982     
  6.157803000000000E-004   4.99896216282762     
  6.287224000000000E-004   4.99896214110183     
  6.418272000000000E-004   4.99896211864250     
  6.550969000000000E-004   4.99896209542848     
  6.685335000000000E-004   4.99896207143843     
  6.821391000000000E-004   4.99896204665037     
  6.959158000000000E-004   4.99896202104172     
  7.098658000000000E-004   4.99896199458921     
  7.239913000000000E-004   4.99896196726898     
  7.382945000000000E-004   4.99896193905655     
  7.527775000000000E-004   4.99896190992712     
  7.674428000000000E-004   4.99896187985443     
  7.822925000000000E-004   4.99896184881242     
  7.973290000000000E-004   4.99896181677374     
  8.125547000000000E-004   4.99896178371040     
  8.279718000000000E-004   4.99896174959420     
  8.435829000000000E-004   4.99896171439531     
  8.593903000000000E-004   4.99896167808391     
  8.753966000000000E-004   4.99896164062873     
  8.916042000000000E-004   4.99896160199824     
  9.080157000000000E-004   4.99896156215966     
  9.246336000000000E-004   4.99896152107968     
  9.414606000000000E-004   4.99896147872367     
  9.584991000000000E-004   4.99896143505696     
  9.757521000000000E-004   4.99896139004247     
  9.932220000000000E-004   4.99896134364385     
  1.010911700000000E-003   4.99896129582249     
  1.028823800000000E-003   4.99896124653973     
  1.046961300000000E-003   4.99896119575484     
  1.065327000000000E-003   4.99896114342668     
  1.083923600000000E-003   4.99896108951346     
  1.102754200000000E-003   4.99896103397119     
  1.121821600000000E-003   4.99896097675573     
  1.141128800000000E-003   4.99896091782131     
  1.160678900000000E-003   4.99896085712076     
  1.180475000000000E-003   4.99896079460575     
  1.200520000000000E-003   4.99896073022751     
  1.220817100000000E-003   4.99896066393508     
  1.241369600000000E-003   4.99896059567604     
  1.262180600000000E-003   4.99896052539731     
  1.283253300000000E-003   4.99896045304430     
  1.304591200000000E-003   4.99896037856005     
  1.326197400000000E-003   4.99896030188768     
  1.348075400000000E-003   4.99896022296753     
  1.370228500000000E-003   4.99896014173928     
  1.392660400000000E-003   4.99896005813972     
  1.415374400000000E-003   4.99895997210562     
  1.438374100000000E-003   4.99895988357115     
  1.461663100000000E-003   4.99895979246895     
  1.485245000000000E-003   4.99895969873004     
  1.509123600000000E-003   4.99895960228307     
  1.533302500000000E-003   4.99895950305581     
  1.557785500000000E-003   4.99895940097351     
  1.582576500000000E-003   4.99895929595928     
  1.607679400000000E-003   4.99895918793439     
  1.633098000000000E-003   4.99895907681875     
  1.658836300000000E-003   4.99895896252950     
  1.684898300000000E-003   4.99895884498187     
  1.711288200000000E-003   4.99895872408818     
  1.738010100000000E-003   4.99895859975920     
  1.765068000000000E-003   4.99895847190406     
  1.792466300000000E-003   4.99895834042791     
  1.820209200000000E-003   4.99895820523464     
  1.848301100000000E-003   4.99895806622496     
  1.876746400000000E-003   4.99895792329721     
  1.905549400000000E-003   4.99895777634795     
  1.934714800000000E-003   4.99895762526927     
  1.964247000000000E-003   4.99895746995230     
  1.994150600000000E-003   4.99895731028463     
  2.024430400000000E-003   4.99895714615015     
  2.055091100000000E-003   4.99895697743063     
  2.086137400000000E-003   4.99895680400508     
  2.117574300000000E-003   4.99895662574806     
  2.149406600000000E-003   4.99895644253237     
  2.181639300000000E-003   4.99895625422669     
  2.214277400000000E-003   4.99895606069672     
  2.247326000000000E-003   4.99895586180445     
  2.280790400000000E-003   4.99895565740747     
  2.314675700000000E-003   4.99895544736133     
  2.348987200000000E-003   4.99895523151700     
  2.383730300000000E-003   4.99895500972141     
  2.418910400000000E-003   4.99895478181798     
  2.454533000000000E-003   4.99895454764584     
  2.490603700000000E-003   4.99895430703981     
  2.527128200000000E-003   4.99895405983022     
  2.564112000000000E-003   4.99895380584486     
  2.601561000000000E-003   4.99895354490487     
  2.639481100000000E-003   4.99895327682722     
  2.677878200000000E-003   4.99895300142473     
  2.716758200000000E-003   4.99895271850593     
  2.756127300000000E-003   4.99895242787274     
  2.795991600000000E-003   4.99895212932335     
  2.836357300000000E-003   4.99895182265053     
  2.877230800000000E-003   4.99895150764080     
  2.918618400000000E-003   4.99895118407662     
  2.960526500000000E-003   4.99895085173460     
  3.002961900000000E-003   4.99895051038318     
  3.045930900000000E-003   4.99895015978948     
  3.089440500000000E-003   4.99894979970956     
  3.133497400000000E-003   4.99894942989648     
  3.178108400000000E-003   4.99894905009677     
  3.223280600000000E-003   4.99894866004863     
  3.269020900000000E-003   4.99894825948605     
  3.315336600000000E-003   4.99894784813343     
  3.362234900000000E-003   4.99894742570979     
  3.409723100000000E-003   4.99894699192687     
  3.457808600000000E-003   4.99894654648890     
  3.506498900000000E-003   4.99894608909251     
  3.555801800000000E-003   4.99894561942452     
  3.605724700000000E-003   4.99894513716856     
  3.656275600000000E-003   4.99894464199519     
  3.707462400000000E-003   4.99894413356849     
  3.759293000000000E-003   4.99894361154491     
  3.811775600000000E-003   4.99894307557006     
  3.864918300000000E-003   4.99894252528259     
  3.918729400000000E-003   4.99894196031081     
  3.973217500000000E-003   4.99894138027149     
  4.028390900000000E-003   4.99894078477589     
  4.084258300000000E-003   4.99894017342213     
  4.140828400000000E-003   4.99893954579927     
  4.198110100000000E-003   4.99893890148478     
  4.256112300000000E-003   4.99893824004660     
  4.314844000000000E-003   4.99893756104176     
  4.374314600000000E-003   4.99893686401259     
  4.434533200000000E-003   4.99893614849460     
  4.495509200000000E-003   4.99893541400925     
  4.557252200000000E-003   4.99893466006478     
  4.619771900000000E-003   4.99893388615702     
  4.683077900000000E-003   4.99893309177171     
  4.747180300000000E-003   4.99893227637667     
  4.812088900000000E-003   4.99893143943152     
  4.877814000000000E-003   4.99893058037725     
  4.944365900000000E-003   4.99892969864214     
  5.011754800000000E-003   4.99892879364300     
  5.079991400000000E-003   4.99892786477670     
  5.149086300000000E-003   4.99892691142791     
  5.219050300000000E-003   4.99892593296460     
  5.289894400000000E-003   4.99892492873773     
  5.361629500000000E-003   4.99892389808506     
  5.434267000000000E-003   4.99892284032219     
  5.507818100000000E-003   4.99892175475225     
  5.582294400000000E-003   4.99892064065677     
  5.657707500000000E-003   4.99891949730104     
  5.734069200000000E-003   4.99891832393081     
  5.811391400000000E-003   4.99891711977334     
  5.889686200000000E-003   4.99891588403531     
  5.968965800000000E-003   4.99891461590406     
  6.049242600000000E-003   4.99891331454538     
  6.130529200000000E-003   4.99891197910309     
  6.212838200000000E-003   4.99891060870171     
  6.296182600000000E-003   4.99890920243944     
  6.380575300000000E-003   4.99890775939590     
  6.466029500000000E-003   4.99890627862489     
  6.552558700000000E-003   4.99890475915370     
  6.640176200000000E-003   4.99890319999135     
  6.728895800000000E-003   4.99890160011568     
  6.818731300000000E-003   4.99889995848160     
  6.909696900000000E-003   4.99889827401313     
  7.001806700000000E-003   4.99889654561211     
  7.095075000000000E-003   4.99889477215191     
  7.189516600000000E-003   4.99889295247114     
  7.285146000000000E-003   4.99889108538810     
  7.381978400000000E-003   4.99888916968093     
  7.480028700000000E-003   4.99888720410631     
  7.579312400000000E-003   4.99888518738097     
  7.679844800000000E-003   4.99888311819701     
  7.781641900000000E-003   4.99888099520269     
  7.884719400000000E-003   4.99887881702227     
  7.989093399999999E-003   4.99887658224078     
  8.094780300000000E-003   4.99887428940506     
  8.201796600000000E-003   4.99887193702722     
  8.310158999999999E-003   4.99886952358165     
  8.419884399999999E-003   4.99886704750415     
  8.530990000000000E-003   4.99886450718869     
  8.643493100000000E-003   4.99886190099101     
  8.757411300000000E-003   4.99885922722310     
  8.872762500000001E-003   4.99885648415208     
  8.989564600000000E-003   4.99885367000630     
  9.107835800000000E-003   4.99885078296731     
  9.227594800000001E-003   4.99884782116368     
  9.348860100000000E-003   4.99884478268708     
  9.471650800000000E-003   4.99884166557148     
  9.595986000000001E-003   4.99883846780686     
  9.721885099999999E-003   4.99883518733058     
  9.849367800000000E-003   4.99883182202607     
  9.978454100000001E-003   4.99882836972147     
  1.010916410000000E-002   4.99882482819369     
  1.024151820000000E-002   4.99882119516190     
  1.037553710000000E-002   4.99881746828605     
  1.051124180000000E-002   4.99881364516542     
  1.064865340000000E-002   4.99880972334287     
  1.078779340000000E-002   4.99880570029499     
  1.092868360000000E-002   4.99880157343330     
  1.107134600000000E-002   4.99879734010563     
  1.121580290000000E-002   4.99879299759170     
  1.136207680000000E-002   4.99878854310453     
  1.151019060000000E-002   4.99878397378269     
  1.166016750000000E-002   4.99877928669165     
  1.181203080000000E-002   4.99877447882828     
  1.196580430000000E-002   4.99876954710662     
  1.212151210000000E-002   4.99876448836215     
  1.227917840000000E-002   4.99875929935657     
  1.243882800000000E-002   4.99875397675954     
  1.260048560000000E-002   4.99874851716984     
  1.276417670000000E-002   4.99874291708334     
  1.292992680000000E-002   4.99873717291772     
  1.309776170000000E-002   4.99873128100047     
  1.326770770000000E-002   4.99872523755966     
  1.343979140000000E-002   4.99871903872851     
  1.361403970000000E-002   4.99871268054323     
  1.379047970000000E-002   4.99870615894449     
  1.396913910000000E-002   4.99869946976025     
  1.415004570000000E-002   4.99869260872179     
  1.433322780000000E-002   4.99868557144636     
  1.451871410000000E-002   4.99867835343811     
  1.470653350000000E-002   4.99867095009332     
  1.489671540000000E-002   4.99866335668593     
  1.508928950000000E-002   4.99865556837273     
  1.528428590000000E-002   4.99864758018643     
  1.548173500000000E-002   4.99863938703689     
  1.568166770000000E-002   4.99863098369987     
  1.588411530000000E-002   4.99862236481796     
  1.608910940000000E-002   4.99861352490174     
  1.629668190000000E-002   4.99860445832673     
  1.650686540000000E-002   4.99859515931264     
  1.671969270000000E-002   4.99858562194168     
  1.693519700000000E-002   4.99857584014646     
  1.715341210000000E-002   4.99856580769733     
  1.737437190000000E-002   4.99855551822152     
  1.759811110000000E-002   4.99854496516719     
  1.782466450000000E-002   4.99853414183208     
  1.805406770000000E-002   4.99852304132656     
  1.828635640000000E-002   4.99851165660296     
  1.852156690000000E-002   4.99849998042756     
  1.875973600000000E-002   4.99848800538090     
  1.900090090000000E-002   4.99847572385844     
  1.924509930000000E-002   4.99846312806113     
  1.949236930000000E-002   4.99845020999594     
  1.974274960000000E-002   4.99843696146079     
  1.999627930000000E-002   4.99842337405014     
  2.025299810000000E-002   4.99840943913941     
  2.051294590000000E-002   4.99839514790167     
  2.077616350000000E-002   4.99838049126433     
  2.104269190000000E-002   4.99836545994213     
  2.131257290000000E-002   4.99835004439827     
  2.158584850000000E-002   4.99833423487282     
  2.186256150000000E-002   4.99831802134276     
  2.214275520000000E-002   4.99830139353301     
  2.242647320000000E-002   4.99828434092269     
  2.271376000000000E-002   4.99826685270314     
  2.300466040000000E-002   4.99824891780738     
  2.329921990000000E-002   4.99823052487959     
  2.359748450000000E-002   4.99821166228070     
  2.389950080000000E-002   4.99819231807522     
  2.420531600000000E-002   4.99817248002444     
  2.451497780000000E-002   4.99815213558558     
  2.482853480000000E-002   4.99813127187823     
  2.514603580000000E-002   4.99810987572294     
  2.546753040000000E-002   4.99808793359408     
  2.579306900000000E-002   4.99806543161109     
  2.612270240000000E-002   4.99804235555786     
  2.645648200000000E-002   4.99801869086110     
  2.679446000000000E-002   4.99799442256758     
  2.713668930000000E-002   4.99796953534204     
  2.748322340000000E-002   4.99794401346539     
  2.783411620000000E-002   4.99791784084086     
  2.818942280000000E-002   4.99789100092511     
  2.854919850000000E-002   4.99786347679301     
  2.891349970000000E-002   4.99783525106001     
  2.928238330000000E-002   4.99780630591739     
  2.965590680000000E-002   4.99777662311484     
  3.003412860000000E-002   4.99774618392619     
  3.041710800000000E-002   4.99771496913754     
  3.080490460000000E-002   4.99768295908501     
  3.119757900000000E-002   4.99765013358676     
  3.159519270000000E-002   4.99761647193842     
  3.199780780000000E-002   4.99758195292613     
  3.240548720000000E-002   4.99754655479765     
  3.281829450000000E-002   4.99751025525846     
  3.323629430000000E-002   4.99747303143234     
  3.365955190000000E-002   4.99743485987420     
  3.408813340000000E-002   4.99739571654783     
  3.452210580000000E-002   4.99735557680278     
  3.496153690000000E-002   4.99731441536896     
  3.540649540000000E-002   4.99727220633269     
  3.585705080000000E-002   4.99722892313101     
  3.631327340000000E-002   4.99718453853659     
  3.677523470000000E-002   4.99713902460268     
  3.724300660000000E-002   4.99709235272530     
  3.771666250000000E-002   4.99704449351781     
  3.819627620000000E-002   4.99699541690338     
  3.868192270000000E-002   4.99694509201742     
  3.917367780000000E-002   4.99689348723015     
  3.967161850000000E-002   4.99684057008639     
  4.017582250000000E-002   4.99678630733922     
  4.068636860000000E-002   4.99673066488865     
  4.120333660000000E-002   4.99667360777210     
  4.172680730000000E-002   4.99661510014404     
  4.225686240000000E-002   4.99655510526660     
  4.279358470000000E-002   4.99649358546613     
  4.333705830000000E-002   4.99643050208737     
  4.388736780000000E-002   4.99636581556389     
  4.444459940000000E-002   4.99629948526751     
  4.500884010000000E-002   4.99623146957779     
  4.558017810000000E-002   4.99616172581098     
  4.615870270000000E-002   4.99609021020699     
  4.674450420000000E-002   4.99601687791669     
  4.733767410000000E-002   4.99594168295146     
  4.793830520000000E-002   4.99586457814324     
  4.854649140000000E-002   4.99578551514221     
  4.916232750000000E-002   4.99570444441592     
  4.978591000000000E-002   4.99562131511567     
  5.041733610000000E-002   4.99553607517886     
  5.105670460000000E-002   4.99544867117941     
  5.170411530000000E-002   4.99535904837741     
  5.235966950000000E-002   4.99526715061910     
  5.302346960000000E-002   4.99517292035953     
  5.369561920000000E-002   4.99507629861651     
  5.437622340000000E-002   4.99497722489357     
  5.506538860000000E-002   4.99487563717294     
  5.576322240000000E-002   4.99477147189530     
  5.646983390000000E-002   4.99466466387875     
  5.718533340000000E-002   4.99455514632628     
  5.790983280000000E-002   4.99444285072675     
  5.864344530000000E-002   4.99432770686083     
  5.938628550000000E-002   4.99420964274588     
  6.013846950000000E-002   4.99408858457870     
  6.090011480000000E-002   4.99396445670912     
  6.167134050000000E-002   4.99383718156411     
  6.245226690000000E-002   4.99370667966937     
  6.324301620000000E-002   4.99357286948791     
  6.404371189999999E-002   4.99343566747283     
  6.485447910000000E-002   4.99329498796976     
  6.567544450000000E-002   4.99315074316754     
  6.650673640000000E-002   4.99300284304788     
  6.734848459999999E-002   4.99285119535210     
  6.820082070000000E-002   4.99269570547492     
  6.906387790000000E-002   4.99253627644587     
  6.993779100000000E-002   4.99237280887485     
  7.082269660000000E-002   4.99220520085846     
  7.171873300000001E-002   4.99203334794023     
  7.262604000000000E-002   4.99185714309076     
  7.354475970000000E-002   4.99167647649160     
  7.447503530000001E-002   4.99149123570709     
  7.541701240000000E-002   4.99130130536540     
  7.637083810000000E-002   4.99110656727081     
  7.733666150000000E-002   4.99090690023727     
  7.831463340000000E-002   4.99070218008123     
  7.930490670000000E-002   4.99049227946875     
  8.030763610000000E-002   4.99027706790598     
  8.132297830000000E-002   4.99005641162373     
  8.235109190000001E-002   4.98983017352370     
  8.339213760000000E-002   4.98959821305787     
  8.444627809999999E-002   4.98936038617091     
  8.551367800000000E-002   4.98911654524291     
  8.659450410000000E-002   4.98886653893914     
  8.768892530000000E-002   4.98861021214727     
  8.879711270000000E-002   4.98834740586712     
  8.991923940000000E-002   4.98807795716917     
  9.105548070000000E-002   4.98780169905749     
  9.220601410000000E-002   4.98751846037655     
  9.337101940000000E-002   4.98722806569139     
  9.455067880000000E-002   4.98693033516407     
  9.574517640000001E-002   4.98662508458061     
  9.695469890000000E-002   4.98631212507323     
  9.817943540000000E-002   4.98599126306454     
  9.941957710000000E-002   4.98566230024014     
  0.100675317900000        4.98532503328214     
  0.101946854000000        4.98497925386224     
  0.103234384000000        4.98462474850224     
  0.104538109200000        4.98426129837440     
  0.105858233200000        4.98388867929220     
  0.107194962400000        4.98350666144851     
  0.108548505500000        4.98311500943205     
  0.109919074100000        4.98271348192813     
  0.111306882300000        4.98230183170245     
  0.112712147000000        4.98187980537988     
  0.114135087800000        4.98144714333645     
  0.115575926900000        4.98100357959121     
  0.117034889600000        4.98054884150981     
  0.118512203800000        4.98008264981141     
  0.120008100200000        4.97960471835977     
  0.121522812800000        4.97911475384935     
  0.123056578100000        4.97861245590519     
  0.124609635800000        4.97809751669896     
  0.126182228500000        4.97756962088304     
  0.127774602000000        4.97702844532401     
  0.129387005100000        4.97647365899897     
  0.131019689800000        4.97590492275374     
  0.132672911100000        4.97532188919507     
  0.134346927400000        4.97472420236963     
  0.136042000200000        4.97411149768396     
  0.137758394300000        4.97348340164544     
  0.139496378100000        4.97283953155742     
  0.141256223000000        4.97217949554281     
  0.143038204000000        4.97150289212251     
  0.144842599600000        4.97080931004490     
  0.146669691700000        4.97009832811473     
  0.148519765800000        4.96936951490285     
  0.150393111000000        4.96862242852720     
  0.152290019900000        4.96785661647098     
  0.154210789000000        4.96707161519507     
  0.156155718400000        4.96626695002637     
  0.158125112100000        4.96544213479910     
  0.160119277600000        4.96459667178205     
  0.162138526600000        4.96373005113993     
  0.164183174700000        4.96284175080651     
  0.166253541300000        4.96193123627523     
  0.168349949900000        4.96099796021042     
  0.170472728100000        4.96004136218144     
  0.172622207500000        4.95906086843932     
  0.174798724000000        4.95805589150732     
  0.177002617800000        4.95702582989917     
  0.179234233100000        4.95597006797661     
  0.181493918700000        4.95488797538018     
  0.183782027600000        4.95377890692357     
  0.186098917500000        4.95264220205435     
  0.188444950100000        4.95147718489309     
  0.190820492300000        4.95028316333366     
  0.193225915100000        4.94905942927385     
  0.195661594400000        4.94780525789888     
  0.198127910700000        4.94651990750884     
  0.200625249500000        4.94520261898306     
  0.203154001000000        4.94385261560196     
  0.205714560200000        4.94246910266028     
  0.208307327300000        4.94105126690859     
  0.210932707400000        4.93959827636616     
  0.213591110800000        4.93810927980497     
  0.216282952700000        4.93658340656154     
  0.219008653800000        4.93501976583913     
  0.221768640000000        4.93341744650900     
  0.224563342600000        4.93177551662641     
  0.227393198200000        4.93009302311591     
  0.230258649000000        4.92836899121732     
  0.233160142700000        4.92660242416233     
  0.236098132700000        4.92479230266849     
  0.239073078100000        4.92293758454884     
  0.242085443700000        4.92103720432102     
  0.245135700200000        4.91909007268745     
  0.248224324200000        4.91709507613668     
  0.251351798400000        4.91505107641323     
  0.254518611200000        4.91295691037821     
  0.257725257700000        4.91081138894725     
  0.260972238900000        4.90861329720856     
  0.264260062000000        4.90636139382291     
  0.267589240900000        4.90405441027214     
  0.270960295700000        4.90169105079153     
  0.274373753100000        4.89926999168768     
  0.277830146500000        4.89678988085708     
  0.281330016000000        4.89424933737715     
  0.284873908500000        4.89164695102833     
  0.288462377600000        4.88898128196615     
  0.292095984100000        4.88625085995148     
  0.295775295800000        4.88345418409705     
  0.299500887500000        4.88058972247745     
  0.303273341400000        4.87765591143511     
  0.307093246900000        4.87465115534902     
  0.310961200900000        4.87157382602455     
  0.314877807700000        4.86842226240204     
  0.318843679500000        4.86519476979213     
  0.322859435700000        4.86188962009004     
  0.326925704000000        4.85850505053663     
  0.331043119600000        4.85503926404170     
  0.335212325900000        4.85149042828534     
  0.339433974400000        4.84785667549002     
  0.343708724600000        4.84413610221777     
  0.348037244600000        4.84032676857454     
  0.352420210700000        4.83642669829664     
  0.356858307800000        4.83243387816071     
  0.361352229200000        4.82834625794422     
  0.365902677100000        4.82416174977791     
  0.370510362700000        4.81987822787088     
  0.375176005800000        4.81549352873264     
  0.379900335500000        4.81100545040151     
  0.384684090000000        4.80641175253369     
  0.389528016600000        4.80171015634606     
  0.394432872400000        4.79689834390751     
  0.399399423600000        4.79197395882300     
  0.404428446400000        4.78693460539336     
  0.409520726500000        4.78177784918901     
  0.414677059600000        4.77650121667539     
  0.419898251400000        4.77110219537705     
  0.425185117600000        4.76557823409533     
  0.430538484500000        4.75992674254607     
  0.435959188500000        4.75414509219696     
  0.441448076500000        4.74823061622512     
  0.447006006200000        4.74218060962372     
  0.452633846000000        4.73599232979960     
  0.458332475400000        4.72966299669142     
  0.464102784700000        4.72318979372609     
  0.469945675600000        4.71656986784951     
  0.475862061000000        4.70980033051988     
  0.481852865300000        4.70287825822029     
  0.487919024700000        4.69580069304152     
  0.494061487000000        4.68856464393059     
  0.500281212000000        4.68116708733421     
  0.506579171400000        4.67360496852072     
  0.512956349500000        4.66587520204122     
  0.519413742500000        4.65797467397484     
  0.525952359600000        4.64990024210415     
  0.532573222300000        4.64164873838866     
  0.539277365300000        4.63321696958928     
  0.546065836000000        4.62460171974473     
  0.552939695100000        4.61579975140106     
  0.559900016700000        4.60680780758717     
  0.566947888400000        4.59762261392650     
  0.574084411500000        4.58824088075779     
  0.581310700900000        4.57865930579411     
  0.588627885800000        4.56887457587180     
  0.596037109700000        4.55888336976193     
  0.603539530000000        4.54868236169467     
  0.611136319200000        4.53826822287987     
  0.618828664300000        4.52763762562083     
  0.626617767100000        4.51678724639007     
  0.634504844800000        4.50571376864745     
  0.642491129800000        4.49441388694437     
  0.650577869800000        4.48288431080553     
  0.658766328500000        4.47112176793613     
  0.667057785300000        4.45912300903801     
  0.675453535800000        4.44688481167941     
  0.683954891800000        4.43440398507771     
  0.692563181800000        4.42167737435146     
  0.701279750700000        4.40870186615025     
  0.710105960500000        4.39547439301489     
  0.719043190400000        4.38199193882135     
  0.728092836800000        4.36825154459031     
  0.737256313700000        4.35425031390379     
  0.746535053000000        4.33998541867315     
  0.755930504500000        4.32545410557601     
  0.765444136200000        4.31065370224457     
  0.775077434600000        4.29558162365527     
  0.784831905100000        4.28023537856053     
  0.794709071600000        4.26461257738155     
  0.804710477700000        4.24871093777934     
  0.814837685900000        4.23252829357496     
  0.825092278700000        4.21606260084850     
  0.835475858400000        4.19931194628069     
  0.845990047500000        4.18227455471401     
  0.856636488800000        4.16494879736139     
  0.867416845800000        4.14733319968498     
  0.878332803100000        4.12942644941413     
  0.889386066100000        4.11122740584545     
  0.900578362200000        4.09273510679996     
  0.911911439900000        4.07394877914032     
  0.923387070300000        4.05486784541838     
  0.935007046300000        4.03549193439842     
  0.946773183600000        4.01582088865131     
  0.958687320600000        3.99585477400885     
  0.970751319100000        3.97559388769470     
  0.982967064000000        3.95503876812075     
  0.995336464100000        3.93419020280406     
   1.00786145200000        3.91304923773475     
   1.02054398500000        3.89161718497082     
   1.03338604450000        3.86989563264851     
   1.04638963720000        3.84788645180632     
   1.05955679510000        3.82559180505757     
   1.07288957530000        3.80301415539371     
   1.08639006140000        3.78015627203357     
   1.10006036260000        3.75702123988764     
   1.11390261500000        3.73361246498169     
   1.12791898160000        3.70993368172973     
   1.14211165230000        3.68598895981427     
   1.15648284480000        3.66178270911701     
   1.17103480470000        3.63731968553422     
   1.18576980580000        3.61260499594500     
   1.20069015030000        3.58764410279771     
   1.21579816960000        3.56244282710438     
   1.23109622450000        3.53700735181718     
   1.24658670510000        3.51134422503032     
   1.26227203210000        3.48546036015288     
   1.27815465610000        3.45936303865505     
   1.29423705900000        3.43305990856175     
   1.31052175360000        3.40655898509971     
   1.32701128450000        3.37986864835865     
   1.34370822810000        3.35299764154195     
   1.36061519340000        3.32595506700832     
   1.37773482220000        3.29875038234897     
   1.39506978930000        3.27139339548880     
   1.41262280350000        3.24389425753790     
   1.43039660750000        3.21626345638250     
   1.44839397840000        3.18851180829575     
   1.46661772830000        3.16065044836684     
   1.48507070480000        3.13269082005085     
   1.50375579120000        3.10464466412376     
   1.52267590700000        3.07652400612204     
   1.54183400860000        3.04834114244452     
   1.56123308950000        3.02010862615721     
   1.58087618070000        2.99183925145351     
   1.60076635160000        2.96354603637852     
   1.62090671010000        2.93524220570949     
   1.64130040300000        2.90694117239889     
   1.66195061710000        2.87865651709320     
   1.68286057890000        2.85040196866158     
   1.70403355560000        2.82219138200926     
   1.72547285560000        2.79403871572269     
   1.74718182880000        2.76595800912906     
   1.76916386720000        2.73796335814501     
   1.79142240560000        2.71006889024117     
   1.81396092200000        2.68228873906464     
   1.83678293810000        2.65463701823563     
   1.85989201970000        2.62712779460857     
   1.88329177790000        2.59977505998245     
   1.90698586870000        2.57259270415203     
   1.93097799450000        2.54559448520084     
   1.95527190410000        2.51879400108655     
   1.97987139350000        2.49220465987549     
   2.00478030630000        2.46583965005780     
   2.03000253480000        2.43971190980781     
   2.05554201970000        2.41383409746284     
   2.08140275190000        2.38821855963441     
   2.10758877200000        2.36287730156396     
   2.13410417170000        2.33782195551251     
   2.16095309410000        2.31306375030562     
   2.18813973440000        2.28861348062195     
   2.21566834050000        2.26448147662930     
   2.24354321380000        2.24067757381919     
   2.27176870990000        2.21721108345161     
   2.30034923900000        2.19409076390148     
   2.32928926690000        2.17132479232550     
   2.35859331550000        2.14892073775046     
   2.38826596370000        2.12688553504045     
   2.41831184790000        2.10522546057966     
   2.44873566280000        2.08394610934785     
   2.47954216210000        2.06305237393009     
   2.51073615950000        2.04254842542313     
   2.54232252910000        2.02243769708334     
   2.57430620630000        2.00272287019831     
   2.60669218870000        1.98340586277332     
   2.63948553650000        1.96448782152624     
   2.67269137390000        1.94596911648888     
   2.70631488930000        1.92784933967029     
   2.74036133650000        1.91012730661731     
   2.77483603520000        1.89280106191255     
   2.80974437230000        1.87586788782398     
   2.84509180220000        1.85932431698713     
   2.88088384810000        1.84316614800443     
   2.91712610240000        1.82738846471116     
   2.95382422820000        1.81198565793287     
   2.99098395960000        1.79695145044888     
   3.02861110290000        1.78227892384907     
   3.06671153730000        1.76796054745725     
   3.10529121630000        1.75398820836483     
   3.14435616780000        1.74035324281958     
   3.18391249600000        1.72704646731403     
   3.22396638150000        1.71405821017978     
   3.26452408290000        1.70137834206230     
   3.30559193740000        1.68899630574607     
   3.34717636180000        1.67690114454821     
   3.38928385400000        1.66508152909654     
   3.43192099320000        1.65352578295122     
   3.47509444160000        1.64222190635885     
   3.51881094510000        1.63115759911120     
   3.56307733450000        1.62032028249139     
   3.60790052660000        1.60969712102585     
   3.65328752500000        1.59927504474642     
   3.69924542150000        1.58904077249629     
   3.74578139730000        1.57898083725727     
   3.79290272360000        1.56908161432190     
   3.84061676310000        1.55932935264472     
   3.88893097150000        1.54971021008693     
   3.93785289770000        1.54021029307413     
   3.98739018600000        1.53081569999311     
   4.03755057670000        1.52151256870570     
   4.08834190750000        1.51228712699537     
   4.13977211450000        1.50312574511945     
   4.19184923390000        1.49401498887876     
   4.24458140290000        1.48494167182820     
   4.29797686080000        1.47589290463622     
   4.35204395100000        1.46685613964687     
   4.40679112140000        1.45781920935981     
   4.46222692640000        1.44877035687395     
   4.51836002810000        1.43969825775427     
   4.57519919720000        1.43059203289603     
   4.63275331510000        1.42144125253428     
   4.69103137460000        1.41223593298079     
   4.75004248190000        1.40296652757206     
   4.80979585760000        1.39362391475985     
   4.87030083820000        1.38419938612010     
   4.93156687770000        1.37468463752981     
   4.99360354920000        1.36507176653635     
   5.05642054590000        1.35535327846460     
   5.12002768320000        1.34552210252011     
   5.18443489980000        1.33557161848577     
   5.24965225940000        1.32549569257628     
   5.31568995250000        1.31528871982826     
   5.38255829740000        1.30494566909771     
   5.45026774260000        1.29446212524631     
   5.51882886780000        1.28383432341976     
   5.58825238570000        1.27305916981685     
   5.65854914400000        1.26213424484890     
   5.72973012670000        1.25105778648044     
   5.80180645590000        1.23982865367940     
   5.87478939370000        1.22844627295347     
   5.94869034390000        1.21691057367377     
   6.02352085360000        1.20522192004382     
   6.09929261530000        1.19338104872606     
   6.17601746830000        1.18138902129103     
   6.25370740120000        1.16924719849064     
   6.33237455320000        1.15695724078488     
   6.41203121610000        1.14452113451434     
   6.49268983650000        1.13194123858282     
   6.57436301750000        1.11922034200156     
   6.65706352060000        1.10636171922480     
   6.74080426800000        1.09336916931807     
   6.82559834430000        1.08024702704559     
   6.91145899880000        1.06700013838258     
   6.99839964730000        1.05363380040637     
   7.08643387460000        1.04015367333824     
   7.17557543620000        1.02656568040865     
   7.26583826060000        1.01287591557630     
   7.35723645150000       0.999090579838633     
   7.44978429020000       0.985215961703318     
   7.54349623730000       0.971258467410374     
   7.63838693570000       0.957224692486743     
   7.73447121210000       0.943121513060769     
   7.83176407990000       0.928956164304389     
   7.93028074130000       0.914736271464752     
   8.03003658980000       0.900469805911678     
   8.13104721240000       0.886164956665801     
   8.23332839220000       0.871829932687359     
   8.33689611090000       0.857472737503951     
   8.44176655110000       0.843100976754301     
   8.54795609910000       0.828721763038766     
   8.65548134710000       0.814341766288874     
   8.76435909630000       0.799967421008854     
   8.87460635890000       0.785605252913686     
   8.98624036140000       0.771262238568893     
   9.09927854680000       0.756946082119055     
   9.21373857760000       0.742665295977978     
   9.32963833820000       0.728429016842402     
   9.44699593850000       0.714246566698299     
   9.56582971550000       0.700126861652851     
   9.68615823750000       0.686077845175074     
   9.80800030600000       0.672106147356173     
   9.93137495910000       0.658217122549672     
   10.0563014742000       0.644415300840292     
   10.1827993714000       0.630705133427579     
   10.3108884164000       0.617091776037771     
   10.4405886231000       0.603581598551869     
   10.5719202577000       0.590182175208855     
   10.7049038408000       0.576901695503236     
   10.8395601515000       0.563747980575657     
   10.9759102300000       0.550727495461669     
   11.1139753815000       0.537844805676627     
   11.2537771787000       0.525102781368133     
   11.3953374661000       0.512503531819498     
   11.5386783626000       0.500049686674514     
   11.6838222658000       0.487745406590864     
   11.8307918544000       0.475596558806607     
   11.9796100929000       0.463609859194733     
   12.1303002344000       0.451791324050028     
   12.2828858246000       0.440144816584126     
   12.4373907052000       0.428671539636752     
   12.5938390179000       0.417370899913450     
   12.7522552082000       0.406242410024819     
   12.9126640288000       0.395287605434262     
   13.0750905441000       0.384510784531633     
   13.2395601333000       0.373917945354605     
   13.4060984954000       0.363514365417131     
   13.5747316521000       0.353302233859482     
   13.7454859529000       0.343279917019289     
   13.9183880783000       0.333443550751401     
   14.0934650448000       0.323790133965664     
   14.2707442083000       0.314320130066384     
   14.4502532693000       0.305037685344457     
   14.6320202763000       0.295948090368073     
   14.8160736307000       0.287054120726121     
   15.0024420914000       0.278353916410242     
   15.1911547787000       0.269842131268726     
   15.3822411794000       0.261513665263442     
   15.5757311512000       0.253367161685104     
   15.7716549271000       0.245405433514190     
   15.9700431208000       0.237632359476615     
   16.1709267308000       0.230048770113145     
   16.3743371455000       0.222650840383408     
   16.5803061483000       0.215432413517525     
   16.7888659222000       0.208389159664716     
   17.0000490551000       0.201520745869602     
   17.2138885448000       0.194829068489450     
   17.4304178042000       0.188314441356613     
   17.6496706663000       0.181973633693791     
   17.8716813900000       0.175801626148849     
   18.0964846648000       0.169794914020763     
   18.3241156167000       0.163952543218715     
   18.5546098134000       0.158273798653721     
   18.7880032703000       0.152755533744146     
   19.0243324555000       0.147392642122022     
   19.2636342958000       0.142181280618064     
   19.5059461828000       0.137120841314341     
   19.7513059781000       0.132212024172496     
   19.9997520197000       0.127453188171492     
   20.2513231278000       0.122839297284348     
   20.5060586108000       0.118364451101407     
   20.7639982718000       0.114024722694941     
   21.0251824144000       0.109818391304868     
   21.2896518490000       0.105744379858491     
   21.5574478996000       0.101801056823264     
   21.8286124098000       9.798559068720668E-002
   22.1031877496000       9.429347639097700E-002
   22.3812168221000       9.071964011391101E-002
   22.6627430698000       8.726137087159302E-002
   22.9478104818000       8.391897381918459E-002
   23.2364636004000       8.069137419036064E-002
   23.5287475282000       7.757253269008098E-002
   23.8247079353000       7.455587723313326E-002
   24.1243910660000       7.164111946330119E-002
   24.4278437464000       6.883115927323170E-002
   24.7351133917000       6.612245484822667E-002
   25.0462480134000       6.350571802399238E-002
   25.3612962267000       6.097704926035857E-002
   25.6803072588000       5.853958263503988E-002
   26.0033309557000       5.619262301321943E-002
   26.3304177905000       5.392968184460471E-002
   26.6616188712000       5.174825768820806E-002
   26.9969859486000       4.964878542399236E-002
   27.3365714246000       4.762497205841876E-002
   27.6804283600000       4.567078106487674E-002
   28.0286104833000       4.379187677706500E-002
   28.3811721985000       4.199171353169932E-002
   28.7381685941000       4.025757338794757E-002
   29.0996554516000       3.858007949000946E-002
   29.4656892540000       3.696742833117076E-002
   29.8363271949000       3.542333571482958E-002
   30.2116271872000       3.393775515810045E-002
   30.5916478722000       3.250761108065282E-002
   30.9764486290000       3.113577111501294E-002
   31.3660895834000       2.981564545719723E-002
   31.7606316177000       2.854365003266089E-002
   32.1601363799000       2.732604533401320E-002
   32.5646662934000       2.616029559384846E-002
   32.9742845668000       2.503685693598028E-002
   33.3890552038000       2.395604764316612E-002
   33.8090430131000       2.292274581755496E-002
   34.2343136188000       2.193385692308749E-002
   34.6649334701000       2.098103830744813E-002
   35.1009698524000       2.006468757197845E-002
   35.5424908972000       1.919067573479836E-002
   35.9895655931000       1.835225425927755E-002
   36.4422637963000       1.754518150079951E-002
   36.9006562420000       1.677537091121353E-002
   37.3648145548000       1.603597785338061E-002
   37.8348112605000       1.532516483301274E-002
   38.3107197970000       1.464914689629107E-002
   38.7926145259000       1.399956425445415E-002
   39.2805707443000       1.337461997792254E-002
   39.7746646964000       1.277800900373301E-002
   40.2749735853000       1.220940612863088E-002
   40.7815755853000       1.166339212428805E-002
   41.2945498541000       1.113631393433059E-002
   41.8139765448000       1.063908439898824E-002
   42.3399368189000       1.015999326061048E-002
   42.8725128589000       9.697892736697576E-003
   43.4117878808000       9.263909957192215E-003
   43.9578461475000       8.843730533919479E-003
   44.5107729815000       8.440195951859951E-003
   45.0706547790000       8.057782934143692E-003
   45.6375790225000       7.692320105577810E-003
   46.2116342952000       7.340149457228841E-003
   46.7929102942000       7.004879691266237E-003
   47.3814978453000       6.684759845657767E-003
   47.9774889163000       6.379696773538610E-003
   48.5809766322000       6.084252623063217E-003
   49.1920552890000       5.807698719791907E-003
   49.8108203691000       5.538448708595983E-003
   50.4373685558000       5.282864071829328E-003
   51.0717977485000       5.041247752180317E-003
   51.7142070781000       4.806107564492370E-003
   52.3646969223000       4.584632368814259E-003
   53.0233689214000       4.372344455121965E-003
   53.6903259944000       4.169784408437894E-003
   54.3656723546000       3.975107407972829E-003
   55.0495135262000       3.791866760466541E-003
   55.7419563609000       3.613230110032063E-003
   56.4431090543000       3.446638331184564E-003
   57.1530811628000       3.284366011901002E-003
   57.8719836211000       3.132529835537391E-003
   58.5999287591000       2.984794053244203E-003
   59.3370303198000       2.845824005443461E-003
   60.0834034767000       2.711842860430847E-003
   60.8391648522000       2.585480708056389E-003
   61.6044325355000       2.462716954932036E-003
   62.3793261013000       2.348429057830485E-003
   63.1639666283000       2.237110611587298E-003
   63.9584767182000       2.132811376105675E-003
   64.7629805146000       2.030353710634401E-003
   65.5776037232000       1.937241885649200E-003
   66.4024736302000       1.843635308208283E-003
   67.2377191234000       1.757144195869948E-003
   68.0834707116000       1.674917989234115E-003
   68.9398605451000       1.594364226009842E-003
   69.8070224367000       1.520119045043220E-003
   70.6850918821000       1.447037661173975E-003
   71.5742060815000       1.378441659325852E-003
   72.4745039607000       1.314739074338526E-003
   73.3861261932000       1.250275112813259E-003
   74.3092152217000       1.191826308563389E-003
   75.2439152809000       1.134733899257975E-003
   76.1903724195000       1.081649835278339E-003
   77.1487345233000       1.029582999576912E-003
   78.1191513384000       9.796713478393280E-004
   79.1017744944000       9.338535219911889E-004
   80.0967575281000       8.900735634028484E-004
   81.1042559077000       8.460314422542768E-004
   82.1244270568000       8.066316160600167E-004
   83.1574303794000       7.689289347334237E-004
   84.2034272841000       7.303375247497671E-004
   85.2625812102000       6.952805918221446E-004
   86.3350576527000       6.623283563363623E-004
   87.4210241881000       6.321893294337225E-004
   88.5206505010000       6.016324907902735E-004
   89.6341084101000       5.733303849792447E-004
   90.7615718956000       5.463352542923026E-004
   91.9032171259000       5.173198705273354E-004
   93.0592224855000       4.932195366295361E-004
   94.2297686024000       4.698205790677144E-004
   95.4150383769000       4.465036747250331E-004
   96.6152170099000       4.252154430775947E-004
   97.8304920316000       4.053389112139851E-004
   99.0610533313000       3.847795578683278E-004
   100.307093186700       3.654631112235762E-004
   101.568806294000       3.480575900115805E-004
   102.846389798400       3.302134487618148E-004
   104.140043325100       3.126248682544515E-004
   105.449969010000       2.982992659652183E-004
   106.776371531600       2.818086032813502E-004
   108.119458143100       2.687897937132435E-004
   109.479438704400       2.552460086287487E-004
   110.856525715400       2.423602909479402E-004
   112.250934348500       2.287986592564082E-004
   113.662882483100       2.159262613381428E-004
   115.092590738800       2.040925915609157E-004
   116.540282510600       1.935529357665389E-004
   118.006184003200       1.828360188957988E-004
