!        1006
!   1.0000209015077801     
  5.19650000000000014E-006   1.0000209015073889     
  1.04582999999999995E-005   1.0000209015061940     
  1.57863000000000016E-005   1.0000209015041626     
  2.11814000000000002E-005   1.0000209015012671     
  2.66442999999999983E-005   1.0000209014974744     
  3.21758999999999980E-005   1.0000209014927506     
  3.77771000000000012E-005   1.0000209014870602     
  4.34488000000000032E-005   1.0000209014803725     
  4.91917999999999989E-005   1.0000209014726480     
  5.50069999999999970E-005   1.0000209014638501     
  6.08953999999999998E-005   1.0000209014539416     
  6.68578000000000022E-005   1.0000209014428820     
  7.28953000000000066E-005   1.0000209014306316     
  7.90086999999999945E-005   1.0000209014171484     
  8.51989000000000018E-005   1.0000209014023902     
  9.14671000000000039E-005   1.0000209013863113     
  9.78141000000000026E-005   1.0000209013688686     
  1.04240900000000000E-004   1.0000209013500150     
  1.10748600000000006E-004   1.0000209013297010     
  1.17338100000000001E-004   1.0000209013078794     
  1.24010500000000008E-004   1.0000209012844976     
  1.30766799999999989E-004   1.0000209012595060     
  1.37608199999999988E-004   1.0000209012328485     
  1.44535500000000006E-004   1.0000209012044714     
  1.51550100000000004E-004   1.0000209011743160     
  1.58652800000000014E-004   1.0000209011423284     
  1.65844899999999988E-004   1.0000209011084431     
  1.73127399999999999E-004   1.0000209010726013     
  1.80501600000000000E-004   1.0000209010347392     
  1.87968500000000008E-004   1.0000209009947933     
  1.95529299999999998E-004   1.0000209009526946     
  2.03185300000000008E-004   1.0000209009083743     
  2.10937499999999998E-004   1.0000209008617633     
  2.18787200000000005E-004   1.0000209008127874     
  2.26735700000000012E-004   1.0000209007613736     
  2.34784199999999994E-004   1.0000209007074410     
  2.42933900000000009E-004   1.0000209006509151     
  2.51186100000000011E-004   1.0000209005917127     
  2.59542100000000010E-004   1.0000209005297498     
  2.68003200000000016E-004   1.0000209004649427     
  2.76570800000000019E-004   1.0000209003972009     
  2.85246099999999993E-004   1.0000209003264369     
  2.94030499999999983E-004   1.0000209002525557     
  3.02925399999999978E-004   1.0000209001754616     
  3.11932200000000022E-004   1.0000209000950568     
  3.21052299999999996E-004   1.0000209000112414     
  3.30287099999999998E-004   1.0000208999239080     
  3.39638099999999997E-004   1.0000208998329549     
  3.49106699999999982E-004   1.0000208997382700     
  3.58694399999999979E-004   1.0000208996397415     
  3.68402700000000009E-004   1.0000208995372530     
  3.78233099999999989E-004   1.0000208994306863     
  3.88187199999999975E-004   1.0000208993199222     
  3.98266499999999992E-004   1.0000208992048307     
  4.08472500000000010E-004   1.0000208990852850     
  4.18806999999999990E-004   1.0000208989611561     
  4.29271399999999977E-004   1.0000208988323065     
  4.39867400000000010E-004   1.0000208986985943     
  4.50596799999999995E-004   1.0000208985598777     
  4.61460999999999978E-004   1.0000208984160119     
  4.72461999999999990E-004   1.0000208982668419     
  4.83601300000000001E-004   1.0000208981122158     
  4.94880699999999973E-004   1.0000208979519760     
  5.06302000000000032E-004   1.0000208977859515     
  5.17866999999999980E-004   1.0000208976139815     
  5.29577499999999996E-004   1.0000208974358911     
  5.41435200000000010E-004   1.0000208972515026     
  5.53442100000000052E-004   1.0000208970606344     
  5.65599999999999979E-004   1.0000208968630993     
  5.77910900000000037E-004   1.0000208966587059     
  5.90376599999999974E-004   1.0000208964472590     
  6.02999100000000039E-004   1.0000208962285535     
  6.15780300000000010E-004   1.0000208960023853     
  6.28722399999999989E-004   1.0000208957685324     
  6.41827200000000047E-004   1.0000208955267886     
  6.55096899999999959E-004   1.0000208952769181     
  6.68533499999999972E-004   1.0000208950186971     
  6.82139100000000043E-004   1.0000208947518845     
  6.95915800000000023E-004   1.0000208944762405     
  7.09865800000000009E-004   1.0000208941915123     
  7.23991299999999995E-004   1.0000208938974464     
  7.38294499999999970E-004   1.0000208935937753     
  7.52777500000000000E-004   1.0000208932802350     
  7.67442799999999963E-004   1.0000208929565402     
  7.82292500000000032E-004   1.0000208926224126     
  7.97329000000000050E-004   1.0000208922775584     
  8.12554699999999967E-004   1.0000208919216731     
  8.27971799999999993E-004   1.0000208915544559     
  8.43582900000000037E-004   1.0000208911755850     
  8.59390300000000018E-004   1.0000208907847394     
  8.75396599999999953E-004   1.0000208903815830     
  8.91604200000000011E-004   1.0000208899657737     
  9.08015699999999994E-004   1.0000208895369636     
  9.24633599999999996E-004   1.0000208890947893     
  9.41460599999999963E-004   1.0000208886388826     
  9.58499099999999952E-004   1.0000208881688657     
  9.75752100000000012E-004   1.0000208876843422     
  9.93221999999999985E-004   1.0000208871849205     
  1.01091169999999999E-003   1.0000208866701845     
  1.02882379999999995E-003   1.0000208861397191     
  1.04696130000000000E-003   1.0000208855930857     
  1.06532700000000003E-003   1.0000208850298393     
  1.08392360000000008E-003   1.0000208844495333     
  1.10275419999999991E-003   1.0000208838516911     
  1.12182160000000005E-003   1.0000208832358404     
  1.14112879999999999E-003   1.0000208826014871     
  1.16067889999999993E-003   1.0000208819481236     
  1.18047500000000006E-003   1.0000208812752289     
  1.20052000000000006E-003   1.0000208805822797     
  1.22081709999999994E-003   1.0000208798687249     
  1.24136959999999997E-003   1.0000208791340035     
  1.26218060000000010E-003   1.0000208783775435     
  1.28325329999999993E-003   1.0000208775987562     
  1.30459119999999998E-003   1.0000208767970289     
  1.32619740000000002E-003   1.0000208759717466     
  1.34807539999999993E-003   1.0000208751222732     
  1.37022849999999998E-003   1.0000208742479544     
  1.39266039999999991E-003   1.0000208733481122     
  1.41537439999999998E-003   1.0000208724220638     
  1.43837409999999989E-003   1.0000208714691039     
  1.46166310000000002E-003   1.0000208704885054     
  1.48524500000000005E-003   1.0000208694795261     
  1.50912360000000001E-003   1.0000208684413963     
  1.53330250000000001E-003   1.0000208673733408     
  1.55778550000000007E-003   1.0000208662745538     
  1.58257649999999999E-003   1.0000208651442111     
  1.60767940000000002E-003   1.0000208639814603     
  1.63309799999999993E-003   1.0000208627854419     
  1.65883630000000001E-003   1.0000208615552644     
  1.68489830000000010E-003   1.0000208602900142     
  1.71128819999999990E-003   1.0000208589887452     
  1.73801009999999994E-003   1.0000208576505025     
  1.76506800000000006E-003   1.0000208562743040     
  1.79246630000000004E-003   1.0000208548591301     
  1.82020920000000000E-003   1.0000208534039470     
  1.84830109999999993E-003   1.0000208519076850     
  1.87674640000000002E-003   1.0000208503692480     
  1.90554940000000001E-003   1.0000208487875253     
  1.93471479999999998E-003   1.0000208471613545     
  1.96424700000000013E-003   1.0000208454895647     
  1.99415059999999986E-003   1.0000208437709432     
  2.02443039999999994E-003   1.0000208420042445     
  2.05509109999999981E-003   1.0000208401881923     
  2.08613740000000020E-003   1.0000208383214848     
  2.11757430000000021E-003   1.0000208364027741     
  2.14940660000000018E-003   1.0000208344306869     
  2.18163930000000008E-003   1.0000208324038158     
  2.21427739999999987E-003   1.0000208303207088     
  2.24732600000000001E-003   1.0000208281798846     
  2.28079040000000012E-003   1.0000208259798071     
  2.31467569999999978E-003   1.0000208237189250     
  2.34898719999999993E-003   1.0000208213956343     
  2.38373029999999981E-003   1.0000208190082820     
  2.41891039999999995E-003   1.0000208165551885     
  2.45453300000000006E-003   1.0000208140346210     
  2.49060369999999989E-003   1.0000208114447975     
  2.52712820000000008E-003   1.0000208087838958     
  2.56411199999999990E-003   1.0000208060500626     
  2.60156100000000006E-003   1.0000208032413698     
  2.63948109999999998E-003   1.0000208003558495     
  2.67787819999999992E-003   1.0000207973914859     
  2.71675820000000018E-003   1.0000207943462178     
  2.75612729999999981E-003   1.0000207912179151     
  2.79599160000000005E-003   1.0000207880044023     
  2.83635729999999996E-003   1.0000207847034521     
  2.87723079999999999E-003   1.0000207813127646     
  2.91861840000000013E-003   1.0000207778299977     
  2.96052649999999995E-003   1.0000207742527492     
  3.00296190000000005E-003   1.0000207705785240     
  3.04593089999999995E-003   1.0000207668048176     
  3.08944049999999989E-003   1.0000207629290021     
  3.13349739999999998E-003   1.0000207589484227     
  3.17810839999999994E-003   1.0000207548603492     
  3.22328060000000001E-003   1.0000207506619623     
  3.26902089999999996E-003   1.0000207463503983     
  3.31533660000000010E-003   1.0000207419226932     
  3.36223489999999984E-003   1.0000207373758225     
  3.40972309999999995E-003   1.0000207327066828     
  3.45780859999999992E-003   1.0000207279120885     
  3.50649890000000013E-003   1.0000207229887783     
  3.55580180000000020E-003   1.0000207179333751     
  3.60572470000000006E-003   1.0000207127424765     
  3.65627559999999983E-003   1.0000207074125396     
  3.70746240000000005E-003   1.0000207019399456     
  3.75929299999999992E-003   1.0000206963209961     
  3.81177560000000009E-003   1.0000206905518780     
  3.86491829999999984E-003   1.0000206846286983     
  3.91872940000000027E-003   1.0000206785474621     
  3.97321749999999998E-003   1.0000206723040388     
  4.02839089999999962E-003   1.0000206658942450     
  4.08425830000000000E-003   1.0000206593137568     
  4.14082840000000018E-003   1.0000206525581481     
  4.19811010000000016E-003   1.0000206456228775     
  4.25611229999999993E-003   1.0000206385032864     
  4.31484399999999997E-003   1.0000206311946080     
  4.37431460000000001E-003   1.0000206236919180     
  4.43453320000000012E-003   1.0000206159902172     
  4.49550920000000003E-003   1.0000206080843526     
  4.55725220000000042E-003   1.0000205999690301     
  4.61977189999999982E-003   1.0000205916388261     
  4.68307789999999977E-003   1.0000205830882032     
  4.74718029999999982E-003   1.0000205743114328     
  4.81208889999999983E-003   1.0000205653026977     
  4.87781400000000028E-003   1.0000205560559805     
  4.94436589999999992E-003   1.0000205465651280     
  5.01175479999999961E-003   1.0000205368238624     
  5.07999139999999998E-003   1.0000205268256903     
  5.14908630000000030E-003   1.0000205165639910     
  5.21905029999999992E-003   1.0000205060319596     
  5.28989439999999998E-003   1.0000204952226091     
  5.36162950000000030E-003   1.0000204841288087     
  5.43426699999999957E-003   1.0000204727431952     
  5.50781809999999986E-003   1.0000204610582675     
  5.58229439999999993E-003   1.0000204490662890     
  5.65770750000000027E-003   1.0000204367593510     
  5.73406919999999969E-003   1.0000204241293364     
  5.81139140000000009E-003   1.0000204111679274     
  5.88968619999999995E-003   1.0000203978665811     
  5.96896579999999996E-003   1.0000203842165549     
  6.04924260000000002E-003   1.0000203702088633     
  6.13052920000000008E-003   1.0000203558342931     
  6.21283820000000011E-003   1.0000203410834205     
  6.29618260000000020E-003   1.0000203259465374     
  6.38057529999999998E-003   1.0000203104137355     
  6.46602949999999961E-003   1.0000202944748304     
  6.55255869999999980E-003   1.0000202781193508     
  6.64017620000000031E-003   1.0000202613366300     
  6.72889579999999977E-003   1.0000202441156627     
  6.81873130000000029E-003   1.0000202264452023     
  6.90969689999999977E-003   1.0000202083136649     
  7.00180669999999998E-003   1.0000201897092278     
  7.09507500000000017E-003   1.0000201706197622     
  7.18951660000000017E-003   1.0000201510327691     
  7.28514600000000016E-003   1.0000201309355246     
  7.38197840000000011E-003   1.0000201103148798     
  7.48002870000000035E-003   1.0000200891574456     
  7.57931239999999964E-003   1.0000200674494120     
  7.67984480000000018E-003   1.0000200451766981     
  7.78164189999999961E-003   1.0000200223247531     
  7.88471940000000024E-003   1.0000199988787639     
  7.98909339999999933E-003   1.0000199748235044     
  8.09478029999999987E-003   1.0000199501433247     
  8.20179660000000012E-003   1.0000199248222117     
  8.31015899999999925E-003   1.0000198988437408     
  8.41988439999999914E-003   1.0000198721910742     
  8.53099000000000045E-003   1.0000198448469217     
  8.64349309999999996E-003   1.0000198167935828     
  8.75741130000000020E-003   1.0000197880128840     
  8.87276250000000079E-003   1.0000197584861743     
  8.98956459999999957E-003   1.0000197281943777     
  9.10783580000000016E-003   1.0000196971179183     
  9.22759480000000069E-003   1.0000196652366520     
  9.34886010000000010E-003   1.0000196325300339     
  9.47165080000000013E-003   1.0000195989768939     
  9.59598600000000079E-003   1.0000195645556011     
  9.72188509999999916E-003   1.0000195292439416     
  9.84936779999999977E-003   1.0000194930191364     
  9.97845410000000078E-003   1.0000194558577997     
  1.01091640999999999E-002   1.0000194177359991     
  1.02415182000000007E-002   1.0000193786291811     
  1.03755371000000002E-002   1.0000193385121514     
  1.05112417999999996E-002   1.0000192973590634     
  1.06486533999999994E-002   1.0000192551434659     
  1.07877934000000005E-002   1.0000192118381901     
  1.09286835999999991E-002   1.0000191674153700     
  1.10713459999999993E-002   1.0000191218464491     
  1.12158029000000003E-002   1.0000190751021425     
  1.13620768000000007E-002   1.0000190271524447     
  1.15101905999999993E-002   1.0000189779665474     
  1.16601675000000005E-002   1.0000189275128570     
  1.18120307999999997E-002   1.0000188757590394     
  1.19658043000000006E-002   1.0000188226718714     
  1.21215121000000006E-002   1.0000187682172792     
  1.22791784000000001E-002   1.0000187123604010     
  1.24388280000000007E-002   1.0000186550653736     
  1.26004855999999991E-002   1.0000185962955805     
  1.27641766999999993E-002   1.0000185360132976     
  1.29299267999999998E-002   1.0000184741799423     
  1.30977617000000001E-002   1.0000184107559826     
  1.32677077000000008E-002   1.0000183457007994     
  1.34397913999999997E-002   1.0000182789727621     
  1.36140397000000003E-002   1.0000182105291864     
  1.37904797000000003E-002   1.0000181403263690     
  1.39691390999999998E-002   1.0000180683193831     
  1.41500457000000007E-002   1.0000179944622660     
  1.43332278000000007E-002   1.0000179187078242     
  1.45187140999999999E-002   1.0000178410076488     
  1.47065335000000005E-002   1.0000177613121657     
  1.48967153999999997E-002   1.0000176795704840     
  1.50892895000000003E-002   1.0000175957304513     
  1.52842858999999998E-002   1.0000175097385768     
  1.54817349999999999E-002   1.0000174215400501     
  1.56816676999999988E-002   1.0000173310786122     
  1.58841153000000013E-002   1.0000172382965720     
  1.60891093999999991E-002   1.0000171431348122     
  1.62966818999999985E-002   1.0000170455327650     
  1.65068654000000009E-002   1.0000169454281809     
  1.67196927000000002E-002   1.0000168427573313     
  1.69351969999999991E-002   1.0000167374548736     
  1.71534121000000012E-002   1.0000166294537145     
  1.73743719000000012E-002   1.0000165186852281     
  1.75981111000000010E-002   1.0000164050788454     
  1.78246645000000002E-002   1.0000162885623844     
  1.80540676999999990E-002   1.0000161690616474     
  1.82863563999999985E-002   1.0000160465007233     
  1.85215669000000013E-002   1.0000159208017048     
  1.87597359999999991E-002   1.0000157918846768     
  1.90009008999999993E-002   1.0000156596677350     
  1.92450992999999987E-002   1.0000155240668747     
  1.94923692999999995E-002   1.0000153849960001     
  1.97427496000000015E-002   1.0000152423667650     
  1.99962792999999993E-002   1.0000150960886269     
  2.02529980999999991E-002   1.0000149460686822     
  2.05129458999999993E-002   1.0000147922118510     
  2.07761635000000000E-002   1.0000146344203991     
  2.10426919000000004E-002   1.0000144725943008     
  2.13125729000000000E-002   1.0000143066308225     
  2.15858485000000010E-002   1.0000141364248183     
  2.18625614999999988E-002   1.0000139618683082     
  2.21427551999999993E-002   1.0000137828506006     
  2.24264732000000015E-002   1.0000135992583408     
  2.27137599999999995E-002   1.0000134109750809     
  2.30046604000000016E-002   1.0000132178815859     
  2.32992199000000011E-002   1.0000130198554991     
  2.35974845000000016E-002   1.0000128167714157     
  2.38995008000000009E-002   1.0000126085007321     
  2.42053160000000010E-002   1.0000123949115698     
  2.45149778000000006E-002   1.0000121758687772     
  2.48285347999999996E-002   1.0000119512335568     
  2.51460358000000009E-002   1.0000117208638826     
  2.54675304000000005E-002   1.0000114846139974     
  2.57930689999999983E-002   1.0000112423343095     
  2.61227023999999995E-002   1.0000109938716182     
  2.64564819999999999E-002   1.0000107390688531     
  2.67944599999999991E-002   1.0000104777648537     
  2.71366892999999991E-002   1.0000102097943302     
  2.74832233999999995E-002   1.0000099349878588     
  2.78341162000000017E-002   1.0000096531719271     
  2.81894227999999990E-002   1.0000093641682131     
  2.85491985000000011E-002   1.0000090677942692     
  2.89134997000000012E-002   1.0000087638626840     
  2.92823832999999992E-002   1.0000084521814703     
  2.96559067999999995E-002   1.0000081325538719     
  3.00341286000000013E-002   1.0000078047779943     
  3.04171080000000017E-002   1.0000074686466756     
  3.08049045999999986E-002   1.0000071239478903     
  3.11975789999999996E-002   1.0000067704640225     
  3.15951926999999966E-002   1.0000064079718087     
  3.19978077999999999E-002   1.0000060362424847     
  3.24054871999999994E-002   1.0000056550414644     
  3.28182944999999976E-002   1.0000052641283057     
  3.32362942999999966E-002   1.0000048632562772     
  3.36595519000000010E-002   1.0000044521725038     
  3.40881333999999980E-002   1.0000040306177176     
  3.45221058000000011E-002   1.0000035983260089     
  3.49615368999999995E-002   1.0000031550247725     
  3.54064954000000015E-002   1.0000027004344421     
  3.58570507999999982E-002   1.0000022342684292     
  3.63132733999999985E-002   1.0000017562329646     
  3.67752346999999993E-002   1.0000012660264941     
  3.72430066000000032E-002   1.0000007633403520     
  3.77166624999999978E-002   1.0000002478574093     
  3.81962761999999970E-002  0.99999971925306519     
  3.86819227000000029E-002  0.99999917719419851     
  3.91736778000000008E-002  0.99999862133939665     
  3.96716184999999985E-002  0.99999805133832242     
  4.01758224999999997E-002  0.99999746683205792     
  4.06863686000000016E-002  0.99999686745245742     
  4.12033366000000012E-002  0.99999625282202353     
  4.17268073000000017E-002  0.99999562255370245     
  4.22568623999999976E-002  0.99999497625077072     
  4.27935846999999980E-002  0.99999431350636148     
  4.33370583000000018E-002  0.99999363390297902     
  4.38873678000000003E-002  0.99999293701324432     
  4.44445993999999997E-002  0.99999222239827035     
  4.50088401000000027E-002  0.99999148960841266     
  4.55801781000000003E-002  0.99999073818249173     
  4.61587026999999983E-002  0.99998996764765802     
  4.67445042000000019E-002  0.99998917751924388     
  4.73376740999999976E-002  0.99998836730021834     
  4.79383052000000032E-002  0.99998753648074712     
  4.85464914000000025E-002  0.99998668453817297     
  4.91623274999999985E-002  0.99998581093698680     
  4.97859100000000027E-002  0.99998491512739751     
  5.04173361000000014E-002  0.99998399654641601     
  5.10567046000000024E-002  0.99998305461624581     
  5.17041152999999989E-002  0.99998208874480876     
  5.23596694999999973E-002  0.99998109832465931     
  5.30234695999999978E-002  0.99998008273322381     
  5.36956192000000027E-002  0.99997904133228777     
  5.43762233999999997E-002  0.99997797346717865     
  5.50653886000000009E-002  0.99997687846665895     
  5.57632223999999996E-002  0.99997575564271157     
  5.64698339000000021E-002  0.99997460428965546     
  5.71853334000000033E-002  0.99997342368421405     
  5.79098327999999982E-002  0.99997221308444184     
  5.86434452999999994E-002  0.99997097172976923     
  5.93862854999999967E-002  0.99996969884041320     
  6.01384694999999997E-002  0.99996839361672940     
  6.09001148000000020E-002  0.99996705523892704     
  6.16713404999999978E-002  0.99996568286623788     
  6.24522668999999975E-002  0.99996427563712509     
  6.32430162000000018E-002  0.99996283266754338     
  6.40437118999999944E-002  0.99996135305147860     
  6.48544791000000009E-002  0.99995983585989268     
  6.56754444999999992E-002  0.99995828014016142     
  6.65067364000000022E-002  0.99995668491552914     
  6.73484845999999943E-002  0.99995504918471612     
  6.82008206999999977E-002  0.99995337192076605     
  6.90638779000000008E-002  0.99995165207082204     
  6.99377909999999992E-002  0.99994988855551237     
  7.08226965999999986E-002  0.99994808026792215     
  7.17187330000000067E-002  0.99994622607314643     
  7.26260400000000028E-002  0.99994432480803441     
  7.35447597000000036E-002  0.99994237527884988     
  7.44750353000000059E-002  0.99994037626308796     
  7.54170123999999970E-002  0.99993832650600423     
  7.63708381000000047E-002  0.99993622472179788     
  7.73366615000000007E-002  0.99993406959179354     
  7.83146334000000000E-002  0.99993185976430321     
  7.93049066999999969E-002  0.99992959385297586     
  8.03076360999999961E-002  0.99992727043662988     
  8.13229783000000012E-002  0.99992488805798352     
  8.23510919000000063E-002  0.99992244522301910     
  8.33921375999999992E-002  0.99991994039966137     
  8.44462780999999940E-002  0.99991737201708508     
  8.55136779999999957E-002  0.99991473846506485     
  8.65945040999999971E-002  0.99991203809229767     
  8.76889252999999980E-002  0.99990926920566714     
  8.87971126999999999E-002  0.99990643006901236     
  8.99192394000000034E-002  0.99990351890260487     
  9.10554806999999966E-002  0.99990053388161748     
  9.22060140999999972E-002  0.99989747313504995     
  9.33710194000000049E-002  0.99989433474436706     
  9.45506787999999959E-002  0.99989111674208997     
  9.57451764000000066E-002  0.99988781711201935     
  9.69546988999999970E-002  0.99988443378615421     
  9.81794354000000008E-002  0.99988096464399601     
  9.94195771000000034E-002  0.99987740751217613     
  0.10067531790000001       0.99987376016148544     
  0.10194685400000000       0.99987002030669581     
  0.10323438400000000       0.99986618560495988     
  0.10453810920000001       0.99986225365353665     
  0.10585823320000000       0.99985822198958829     
  0.10719496240000000       0.99985408808722864     
  0.10854850550000000       0.99984984935758225     
  0.10991907410000000       0.99984550314540954     
  0.11130688230000001       0.99984104672880758     
  0.11271214700000000       0.99983647731665481     
  0.11413508780000001       0.99983179204732009     
  0.11557592690000000       0.99982698798730907     
  0.11703488960000000       0.99982206212790259     
  0.11851220379999999       0.99981701138505519     
  0.12000810020000000       0.99981183259694928     
  0.12152281280000000       0.99980652252040647     
  0.12305657809999999       0.99980107783176397     
  0.12460963579999999       0.99979549512250177     
  0.12618222849999999       0.99978977089831700     
  0.12777460199999999       0.99978390157598196     
  0.12938700510000001       0.99977788348199259     
  0.13101968980000001       0.99977171284967437     
  0.13267291110000001       0.99976538581775387     
  0.13434692740000001       0.99975889842658605     
  0.13604200020000001       0.99975224661698203     
  0.13775839430000000       0.99974542622709361     
  0.13949637810000001       0.99973843298876164     
  0.14125622299999999       0.99973126252743483     
  0.14303820400000000       0.99972391035721964     
  0.14484259960000001       0.99971637187865303     
  0.14666969169999999       0.99970864237642643     
  0.14851976580000001       0.99970071701582541     
  0.15039311100000000       0.99969259083989348     
  0.15229001989999999       0.99968425876698452     
  0.15421078899999999       0.99967571558606916     
  0.15615571840000000       0.99966695595499966     
  0.15812511209999999       0.99965797439605397     
  0.16011927760000000       0.99964876529459068     
  0.16213852660000000       0.99963932289258084     
  0.16418317469999999       0.99962964128659182     
  0.16625354130000000       0.99961971442485342     
  0.16834994989999999       0.99960953610232850     
  0.17047272810000000       0.99959909995708285     
  0.17262220750000001       0.99958839946708644     
  0.17479872399999999       0.99957742794494342     
  0.17700261780000001       0.99956617853397700     
  0.17923423310000000       0.99955464420577889     
  0.18149391870000001       0.99954281775307385     
  0.18378202760000001       0.99953069178758036     
  0.18609891749999999       0.99951825873309252     
  0.18844495010000001       0.99950551082483474     
  0.19082049230000001       0.99949244009847582     
  0.19322591510000001       0.99947903839147478     
  0.19566159440000000       0.99946529733398293     
  0.19812791069999999       0.99945120834564660     
  0.20062524949999999       0.99943676262835746     
  0.20315400100000000       0.99942195116285093     
  0.20571456020000001       0.99940676470295164     
  0.20830732730000001       0.99939119376784724     
  0.21093270740000000       0.99937522863836126     
  0.21359111080000001       0.99935885934952473     
  0.21628295270000000       0.99934207568666078     
  0.21900865380000001       0.99932486717578750     
  0.22176863999999999       0.99930722307937436     
  0.22456334259999999       0.99928913238889860     
  0.22739319820000001       0.99927058381912193     
  0.23025864900000001       0.99925156579964214     
  0.23316014269999999       0.99923206646884866     
  0.23609813269999999       0.99921207366574416     
  0.23907307810000000       0.99919157492291666     
  0.24208544370000001       0.99917055745935734     
  0.24513570020000000       0.99914900817171992     
  0.24822432420000001       0.99912691362675488     
  0.25135179839999999       0.99910426005213804     
  0.25451861120000002       0.99908103333146470     
  0.25772525769999999       0.99905721898882782     
  0.26097223889999999       0.99903280218631052     
  0.26426006200000002       0.99900776771331667     
  0.26758924090000002       0.99898209997402321     
  0.27096029570000002       0.99895578298219989     
  0.27437375310000001       0.99892880034901210     
  0.27783014649999999       0.99890113527277824     
  0.28133001600000002       0.99887277052933332     
  0.28487390849999999       0.99884368846134297     
  0.28846237759999999       0.99881387096904128     
  0.29209598409999998       0.99878329949574796     
  0.29577529580000000       0.99875195501885861     
  0.29950088749999998       0.99871981803901555     
  0.30327334140000001       0.99868686856555178     
  0.30709324690000001       0.99865308610677139     
  0.31096120090000001       0.99861844965565039     
  0.31487780770000001       0.99858293767873896     
  0.31884367949999998       0.99854652809934830     
  0.32285943569999997       0.99850919829138796     
  0.32692570399999998       0.99847092505637625     
  0.33104311959999999       0.99843168461764376     
  0.33521232590000000       0.99839145260029349     
  0.33943397440000000       0.99835020401823671     
  0.34370872460000002       0.99830791326103807     
  0.34803724460000002       0.99826455407349468     
  0.35242021070000001       0.99822009954469437     
  0.35685830780000000       0.99817452208880064     
  0.36135222919999999       0.99812779343152080     
  0.36590267710000002       0.99807988458901298     
  0.37051036269999998       0.99803076585036699     
  0.37517600579999999       0.99798040676511890     
  0.37990033550000002       0.99792877611867226     
  0.38468408999999998       0.99787584191682444     
  0.38952801660000003       0.99782157136786975     
  0.39443287240000002       0.99776593085636134     
  0.39939942360000003       0.99770888593211360     
  0.40442844639999997       0.99765040128069493     
  0.40952072649999999       0.99759044070938530     
  0.41467705960000001       0.99752896712117256     
  0.41989825139999998       0.99746594249400622     
  0.42518511760000000       0.99740132785964830     
  0.43053848449999998       0.99733508327465070     
  0.43595918849999998       0.99726716780423563     
  0.44144807650000001       0.99719753949473455     
  0.44700600619999997       0.99712615534650828     
  0.45263384600000001       0.99705297129137349     
  0.45833247539999999       0.99697794216307656     
  0.46410278469999999       0.99690102167628103     
  0.46994567560000000       0.99682216239318011     
  0.47586206100000000       0.99674131570001789     
  0.48185286529999999       0.99665843177639457     
  0.48791902469999998       0.99657345956375010     
  0.49406148700000002       0.99648634674017567     
  0.50028121199999998       0.99639703968624294     
  0.50657917139999997       0.99630548345721293     
  0.51295634950000002       0.99621162174298039     
  0.51941374250000005       0.99611539684767125     
  0.52595235959999997       0.99601674964217302     
  0.53257322230000004       0.99591561954251107     
  0.53927736530000003       0.99581194446356291     
  0.54606583600000003       0.99570566079321710     
  0.55293969509999996       0.99559670334895867     
  0.55990001670000000       0.99548500534124418     
  0.56694788839999999       0.99537049833612090     
  0.57408441150000000       0.99525311221547763     
  0.58131070090000003       0.99513277514141152     
  0.58862788580000003       0.99500941350652816     
  0.59603710970000001       0.99488295189474218     
  0.60353953000000005       0.99475331304834014     
  0.61113631920000000       0.99462041780674493     
  0.61882866430000005       0.99448418507511749     
  0.62661776709999994       0.99434453177679505     
  0.63450484480000002       0.99420137279916965     
  0.64249112980000000       0.99405462095284358     
  0.65057786979999999       0.99390418692469451     
  0.65876632850000005       0.99374997921872976     
  0.66705778530000004       0.99359190411440268     
  0.67545353580000000       0.99342986560905622     
  0.68395489180000002       0.99326376536872740     
  0.69256318179999998       0.99309350266826002     
  0.70127975070000004       0.99291897434600063     
  0.71010596049999997       0.99274007473776660     
  0.71904319039999998       0.99255669562138971     
  0.72809283680000003       0.99236872616238025     
  0.73725631370000000       0.99217605285033772     
  0.74653505300000000       0.99197855943606683     
  0.75593050449999999       0.99177612687393069     
  0.76544413619999996       0.99156863325678357     
  0.77507743460000000       0.99135595374961827     
  0.78483190510000000       0.99113796051964198     
  0.79470907160000004       0.99091452268308133     
  0.80471047770000004       0.99068550621496265     
  0.81483768590000005       0.99045077390267788     
  0.82509227870000001       0.99021018525523319     
  0.83547585840000005       0.98996359644085485     
  0.84599004749999995       0.98971086020956867     
  0.85663648879999998       0.98945182582163138     
  0.86741684580000000       0.98918633896750674     
  0.87833280309999995       0.98891424168632325     
  0.88938606610000004       0.98863537230055265     
  0.90057836219999998       0.98834956531190143     
  0.91191143990000001       0.98805665134881449     
  0.92338707030000000       0.98775645705168136     
  0.93500704629999998       0.98744880501574639     
  0.94677318359999996       0.98713351368622093     
  0.95868732059999995       0.98681039728079167     
  0.97075131910000001       0.98647926568948174     
  0.98296706400000000       0.98613992440038201     
  0.99533646409999998       0.98579217439422695     
   1.0078614520000000       0.98543581206241881     
   1.0205439850000000       0.98507062909573584     
   1.0333860445000000       0.98469641241452166     
   1.0463896371999999       0.98431294404619707     
   1.0595567951000000       0.98392000103576549     
   1.0728895753000001       0.98351735536189111     
   1.0863900613999999       0.98310477380382177     
   1.1000603626000001       0.98268201787641152     
   1.1139026150000000       0.98224884369757981     
   1.1279189815999999       0.98180500189396291     
   1.1421116522999999       0.98135023750640549     
   1.1564828448000000       0.98088428986590903     
   1.1710348047000001       0.98040689249387314     
   1.1857698057999999       0.97991777299539973     
   1.2006901503000000       0.97941665295534563     
   1.2157981696000000       0.97890324781356275     
   1.2310962244999999       0.97837726675923020     
   1.2465867050999999       0.97783841263551463     
   1.2622720321000001       0.97728638179540561     
   1.2781546560999999       0.97672086402647917     
   1.2942370590000001       0.97614154240202822     
   1.3105217536000000       0.97554809319542635     
   1.3270112844999999       0.97494018574821839     
   1.3437082280999999       0.97431748237073268     
   1.3606151933999999       0.97367963821352954     
   1.3777348222000001       0.97302630116117517     
   1.3950697892999999       0.97235711172696704     
   1.4126228034999999       0.97167170291742599     
   1.4303966075000001       0.97096970013967254     
   1.4483939783999999       0.97025072108700061     
   1.4666177282999999       0.96951437562130949     
   1.4850707048000000       0.96876026566045748     
   1.5037557911999999       0.96798798507938399     
   1.5226759070000000       0.96719711960097654     
   1.5418340086000000       0.96638724668022169     
   1.5612330894999999       0.96555793541125545     
   1.5808761807000000       0.96470874642886040     
   1.6007663515999999       0.96383923179080266     
   1.6209067101000001       0.96294893489737776     
   1.6413004030000000       0.96203739040176706     
   1.6619506171000000       0.96110412409231483     
   1.6828605789000000       0.96014865284108986     
   1.7040335555999999       0.95917048449858855     
   1.7254728556000001       0.95816911781483760     
   1.7471818288000001       0.95714404237487261     
   1.7691638672000001       0.95609473852562499     
   1.7914224056000001       0.95502067730333162     
   1.8139609219999999       0.95392132038108890     
   1.8367829381000000       0.95279612001826652     
   1.8598920197000000       0.95164451902193881     
   1.8832917779000000       0.95046595067560136     
   1.9069858687000001       0.94925983875547049     
   1.9309779945000001       0.94802559745993686     
   1.9552719041000000       0.94676263142320172     
   1.9798713935000001       0.94547033569790262     
   2.0047803062999998       0.94414809576827141     
   2.0300025347999999       0.94279528753669317     
   2.0555420196999998       0.94141127739593677     
   2.0814027518999998       0.93999542220056109     
   2.1075887720000002       0.93854706937456167     
   2.1341041717000002       0.93706555692910487     
   2.1609530940999999       0.93555021355374557     
   2.1881397344000000       0.93400035870029785     
   2.2156683405000002       0.93241530268739670     
   2.2435432138000002       0.93079434680944950     
   2.2717687098999999       0.92913678346765594     
   2.3003492390000000       0.92744189633619567     
   2.3292892669000000       0.92570896051153972     
   2.3585933154999998       0.92393724271006594     
   2.3882659636999999       0.92212600146173773     
   2.4183118479000001       0.92027448734860939     
   2.4487356627999999       0.91838194324693800     
   2.4795421621000000       0.91644760459787589     
   2.5107361595000000       0.91447069968256511     
   2.5423225290999998       0.91245044995922098     
   2.5743062063000002       0.91038607039429065     
   2.6066921886999999       0.90827676981932071     
   2.6394855365000001       0.90612175134750095     
   2.6726913738999998       0.90392021275307277     
   2.7063148893000002       0.90167134695821716     
   2.7403613364999999       0.89937434248431780     
   2.7748360351999999       0.89702838398064277     
   2.8097443723000000       0.89463265273089299     
   2.8450918021999998       0.89218632726048086     
   2.8808838480999999       0.88968858390935868     
   2.9171261024000001       0.88713859750158208     
   2.9538242281999998       0.88453554197367901     
   2.9909839595999999       0.88187859112347355     
   3.0286111028999998       0.87916691933308511     
   3.0667115372999998       0.87639970236543085     
   3.1052912162999999       0.87357611814889147     
   3.1443561677999998       0.87069534769618639     
   3.1839124960000000       0.86775657593207556     
   3.2239663814999999       0.86475899269403023     
   3.2645240829000000       0.86170179366369015     
   3.3055919374000000       0.85858418141445925     
   3.3471763617999999       0.85540536647204046     
   3.3892838539999999       0.85216456837909360     
   3.4319209931999999       0.84886101690244864     
   3.4750944416000000       0.84549395316866915     
   3.5188109450999998       0.84206263091958455     
   3.5630773345000000       0.83856631777246360     
   3.6079005265999999       0.83500429653079233     
   3.6532875250000001       0.83137586656182472     
   3.6992454215000001       0.82768034516889588     
   3.7457813973000000       0.82391706902090533     
   3.7929027236000001       0.82008539567160221     
   3.8406167630999999       0.81618470504670537     
   3.8889309714999998       0.81221440096924380     
   3.9378528977000000       0.80817391282967088     
   3.9873901859999998       0.80406269712854650     
   4.0375505767000002       0.79988023918548035     
   4.0883419075000003       0.79562605481555093     
   4.1397721145000004       0.79129969207022610     
   4.1918492339000002       0.78690073294853879     
   4.2445814028999997       0.78242879520189168     
   4.2979768608000004       0.77788353414649003     
   4.3520439509999997       0.77326464442011045     
   4.4067911214000004       0.76857186189295001     
   4.4622269263999996       0.76380496545683529     
   4.5183600281000000       0.75896377889341349     
   4.5751991971999999       0.75404817277573688     
   4.6327533151000004       0.74905806626937788     
   4.6910313745999996       0.74399342905313970     
   4.7500424818999996       0.73885428312145107     
   4.8097958576000002       0.73364070466278020     
   4.8703008382000004       0.72835282587904937     
   4.9315668776999999       0.72299083677521347     
   4.9936035492000004       0.71755498692216824     
   5.0564205459000000       0.71204558724005762     
   5.1200276832000000       0.70646301164694481     
   5.1844348998000003       0.70080769875076321     
   5.2496522594000004       0.69508015343793150     
   5.3156899524999996       0.68928094839594189     
   5.3825582974000001       0.68341072564228833     
   5.4502677426000004       0.67747019785977136     
   5.5188288677999999       0.67146014977709534     
   5.5882523856999997       0.66538143939450378     
   5.6585491440000002       0.65923499910024730     
   5.7297301266999998       0.65302183674942094     
   5.8018064559000004       0.64674303659288079     
   5.8747893937000004       0.64039976008423072     
   5.9486903439000001       0.63399324658393841     
   6.0235208536000000       0.62752481394452919     
   6.0992926153000004       0.62099585891800346     
   6.1760174683000004       0.61440785748245730     
   6.2537074011999998       0.60776236492597369     
   6.3323745532000002       0.60106101587940231     
   6.4120312160999999       0.59430552412799764     
   6.4926898365000003       0.58749768223977994     
   6.5743630174999996       0.58063936106421510     
   6.6570635206000004       0.57373250903610429     
   6.7408042679999998       0.56677915126378409     
   6.8255983443000003       0.55978138848084569     
   6.9114589987999997       0.55274139575722092     
   6.9983996473000003       0.54566142105768467     
   7.0864338746000000       0.53854378354635701     
   7.1755754361999999       0.53139087175777200     
   7.2658382605999998       0.52420514151862474     
   7.3572364515000004       0.51698911367703781     
   7.4497842902000002       0.50974537161557543     
   7.5434962373000003       0.50247655861935536     
   7.6383869356999998       0.49518537494451897     
   7.7344712120999999       0.48787457480835228     
   7.8317640799000001       0.48054696307954314     
   7.9302807412999998       0.47320539184375143     
   8.0300365897999999       0.46585275675786553     
   8.1310472124000004       0.45849199325265677     
   8.2333283922000007       0.45112607253977383     
   8.3368961108999997       0.44375799746976180     
   8.4417665511000006       0.43639079825756338     
   8.5479560991000003       0.42902752803716787     
   8.6554813471000003       0.42167125833557267     
   8.7643590962999998       0.41432507437492994     
   8.8746063588999995       0.40699207035518326     
   8.9862403614000002       0.39967534456885190     
   9.0992785468000008       0.39237799452655697     
   9.2137385775999991       0.38510311198265335     
   9.3296383382000005       0.37785377797065378     
   9.4469959385000006       0.37063305775212241     
   9.5658297154999996       0.36344399589754151     
   9.6861582375000008       0.35628961123161856     
   9.8080003060000003       0.34917289196349693     
   9.9313749590999993       0.34209679078659000     
   10.056301474200000       0.33506422009874876     
   10.182799371400000       0.32807804727711948     
   10.310888416399999       0.32114109009246072     
   10.440588623100000       0.31425611226263211     
   10.571920257700000       0.30742581906294769     
   10.704903840800000       0.30065285319223983     
   10.839560151500001       0.29393979069189796     
   10.975910230000000       0.28728913710985021     
   11.113975381500000       0.28070332377264812     
   11.253777178700000       0.27418470430503289     
   11.395337466100001       0.26773555124634052     
   11.538678362600001       0.26135805293405601     
   11.683822265800000       0.25505431049837030     
   11.830791854399999       0.24882633513316973     
   11.979610092900000       0.24267604546043864     
   12.130300234400000       0.23660526517498470     
   12.282885824599999       0.23061572083963547     
   12.437390705200000       0.22470903991309260     
   12.593839017900001       0.21888674896945756     
   12.752255208199999       0.21315027215161209     
   12.912664028800000       0.20750092987534030     
   13.075090544100000       0.20193993774405994     
   13.239560133299999       0.19646840577835750     
   13.406098495400000       0.19108733786136012     
   13.574731652100001       0.18579763155176499     
   13.745485952899999       0.18060007813619697     
   13.918388078300000       0.17549536306644270     
   14.093465044800000       0.17048406667334690     
   14.270744208300000       0.16556666526451350     
   14.450253269299999       0.16074353250236770     
   14.632020276300000       0.15601494115417947     
   14.816073630700000       0.15138106510149207     
   15.002442091400001       0.14684198163185397     
   15.191154778700000       0.14239767398251729     
   15.382241179399999       0.13804803404427013     
   15.575731151199999       0.13379286522174277     
   15.771654927100000       0.12963188537709042     
   15.970043120800000       0.12556472978230573     
   16.170926730800002       0.12159095407907394     
   16.374337145500000       0.11771003715359769     
   16.580306148300000       0.11392138391852767     
   16.788865922199999       0.11022432799528457     
   17.000049055100000       0.10661813427728851     
   17.213888544800000       0.10310200141587124     
   17.430417804200001       9.96750642611578808E-002
   17.649670666300000       9.63363963225005726E-002
   17.871681389999999       9.30850123024948017E-002
   18.096484664799998       8.99198708077222769E-002
   18.324115616699999       8.68398772709474825E-002
   18.554609813399999       8.38438871693726884E-002
   18.788003270299999       8.09307095502839469E-002
   19.024332455500002       7.80991108884825647E-002
   19.263634295799999       7.53478192120676654E-002
   19.505946182799999       7.26755284323018641E-002
   19.751305978100000       7.00809027734127232E-002
   19.999752019700001       6.75625811348023048E-002
   20.251323127799999       6.51191812469665288E-002
   20.506058610800000       6.27493034549193862E-002
   20.763998271799998       6.04515339933120524E-002
   21.025182414400000       5.82244476752243889E-002
   21.289651848999998       5.60666099564996120E-002
   21.557447899600000       5.39765784249299288E-002
   21.828612409800002       5.19529038500817358E-002
   22.103187749600000       4.99941309737996845E-002
   22.381216822100001       4.80987992886604543E-002
   22.662743069800001       4.62654440587434504E-002
   22.947810481800001       4.44925977993318733E-002
   23.236463600400000       4.27787923812362053E-002
   23.528747528200000       4.11225617999908116E-002
   23.824707935300001       3.95224455289528778E-002
   24.124391066000001       3.79769922405006483E-002
   24.427843746400001       3.64847635560025599E-002
   24.735113391700001       3.50443374352620435E-002
   25.046248013400000       3.36543108128932664E-002
   25.361296226699999       3.23133011751080002E-002
   25.680307258799999       3.10199469321951575E-002
   26.003330955700001       2.97729066727430401E-002
   26.330417790500000       2.85708575973376289E-002
   26.661618871200002       2.74124936522201976E-002
   26.996985948599999       2.62965239869384221E-002
   27.336571424599999       2.52216723478940995E-002
   27.680428360000001       2.41866778608675823E-002
   28.028610483300000       2.31902973498060612E-002
   28.381172198500000       2.22313089679349075E-002
   28.738168594099999       2.13085165215104282E-002
   29.099655451600000       2.04207535960021017E-002
   29.465689254000001       1.95668865005693103E-002
   29.836327194900001       1.87458152146171599E-002
   30.211627187200001       1.79564719451559204E-002
   30.591647872199999       1.71978174984273452E-002
   30.976448629000000       1.64688363044773536E-002
   31.366089583400001       1.57685314167419419E-002
   31.760631617700000       1.50959209611841016E-002
   32.160136379900003       1.44500372395676892E-002
   32.564666293400002       1.38299289914007011E-002
   32.974284566800002       1.32346663627480599E-002
   33.389055203799998       1.26633471828954906E-002
   33.809043013100002       1.21151025443636505E-002
   34.234313618800002       1.15890996876141933E-002
   34.664933470100003       1.10845409138524368E-002
   35.100969852399999       1.06006585315510746E-002
   35.542490897199997       1.01367073074914368E-002
   35.989565593099996       9.69195698003777299E-003
   36.442263796299997       9.26568762592268856E-003
   36.900656241999997       8.85718979588583089E-003
   37.364814554799999       8.46576954729144800E-003
   37.834811260499997       8.09075640969583211E-003
   38.310719796999997       7.73151081480431997E-003
   38.792614525899999       7.38742737576598887E-003
   39.280570744300000       7.05793192792282444E-003
   39.774664696400002       6.74247299441457174E-003
   40.274973585300003       6.44051117643785250E-003
   40.781575585299997       6.15151146808293366E-003
   41.294549854099998       5.87494263221003104E-003
   41.813976544799999       5.61028456045416669E-003
   42.339936818900000       5.35704028120468408E-003
   42.872512858900002       5.11474615400277569E-003
   43.411787880799999       4.88297381064567437E-003
   43.957846147500000       4.66132120716573374E-003
   44.510772981499997       4.44939624987187709E-003
   45.070654779000002       4.24680161104808076E-003
   45.637579022499999       4.05313015040515996E-003
   46.211634295200000       3.86797534969787185E-003
   46.792910294199999       3.69095233000764486E-003
   47.381497845299997       3.52171731950848017E-003
   47.977488916299997       3.35997227558928286E-003
   48.580976632199999       3.20544892923969524E-003
   49.192055289000002       3.05787945094872400E-003
   49.810820369100000       2.91697127619543802E-003
   50.437368555799999       2.78240348218687780E-003
   51.071797748500003       2.65384950374525450E-003
   51.714207078100003       2.53101283742550179E-003
   52.364696922299999       2.41365132202508558E-003
   53.023368921399999       2.30157133609095463E-003
   53.690325994399998       2.19459417723646662E-003
   54.365672354600001       2.09251870733323216E-003
   55.049513526200002       1.99510929477532016E-003
   55.741956360899998       1.90211939705472446E-003
   56.443109054300002       1.81333140351032005E-003
   57.153081162800000       1.72857740850221211E-003
   57.871983621100000       1.64772012734011445E-003
   58.599928759100003       1.57060922257157135E-003
   59.337030319800000       1.49705434086174925E-003
   60.083403476699999       1.42684456560379755E-003
   60.839164852200000       1.35980014365255988E-003
   61.604432535500003       1.29580634446403351E-003
   62.379326101300002       1.23479091017945192E-003
   63.163966628300003       1.17666167374008701E-003
   63.958476718199996       1.12126632743206854E-003
   64.762980514600002       1.06841925536452415E-003
   65.577603723199999       1.01796996815717105E-003
   66.402473630200006       9.69837828442294560E-004
   67.237719123399998       9.23971344611322111E-004
   68.083470711600000       8.80278772979215755E-004
   68.939860545100004       8.38616653979156780E-004
   69.807022436699995       7.98854703379065271E-004
   70.685091882099996       7.60933122384186648E-004
   71.574206081499995       7.24827787951109570E-004
   72.474503960700005       6.90460260664722283E-004
   73.386126193199999       6.57680067527519714E-004
   74.309215221700001       6.26362959700145407E-004
   75.243915280899998       5.96497446887963570E-004
   76.190372419499994       5.68118563678242372E-004
   77.148734523300007       5.41155113913341520E-004
   78.119151338400002       5.15411570286458806E-004
   79.101774494400004       4.90745178574047590E-004
   80.096757528099999       4.67202179474920985E-004
   81.104255907699994       4.44893117095153043E-004
   82.124427056800002       4.23759925681539403E-004
   83.157430379399997       4.03580723022434142E-004
   84.203427284100002       3.84222904755846721E-004
   85.262581210199997       3.65762294834184084E-004
   86.335057652700002       3.48280896310728403E-004
   87.421024188100006       3.31672515281934612E-004
   88.520650501000006       3.15772299860020303E-004
   89.634108410099998       3.00574866357460936E-004
   90.761571895599999       2.86161537928808268E-004
   91.903217125899999       2.72486167394650448E-004
   93.059222485500001       2.59413678996335453E-004
   94.229768602400000       2.46916391356389643E-004
   95.415038376900000       2.35050434614575985E-004
   96.615217009899993       2.23788607810347130E-004
   97.830492031600002       2.13044367424734615E-004
   99.061053331300002       2.02794375498325640E-004
   100.30709318670000       1.93039878644618102E-004
   101.56880629400000       1.83744679378296358E-004
   102.84638979840000       1.74894537531154255E-004
   104.14004332510000       1.66485833606625964E-004
   105.44996901000000       1.58458915711056156E-004
   106.77637153160001       1.50792448052725932E-004
   108.11945814310000       1.43543649623404702E-004
   109.47943870440000       1.36672425527088509E-004
   110.85652571540000       1.30064280896425742E-004
   112.25093434850000       1.23751687229069999E-004
   113.66288248310001       1.17806660034246052E-004
   115.09259073880000       1.12146199707039622E-004
   116.54028251059999       1.06705853346770487E-004
   118.00618400320000       1.01540446223008407E-004
